    0.2000  -28.4345   38.4538 0.9796160
    0.2000  -28.5228   38.3717 0.9707160
    0.2000  -28.5363   38.2685 0.9606160
    0.2000  -28.5102   38.1647 0.9523160
    0.2000  -28.4705   38.0694 0.9425160
    0.2000  -28.3974   37.9211 0.9334160
    0.2000  -28.3522   37.8163 0.9272417
    0.2000  -28.3055   37.7111 0.9216417
    0.2000  -28.2600   37.6093 0.9168417
    0.2000  -28.2102   37.5044 0.9126417
    0.2000  -28.1615   37.4041 0.9083417
    0.2000  -28.1084   37.2996 0.9043417
    0.2000  -28.0529   37.1985 0.9005417
    0.2000  -27.9974   37.0995 0.8958417
    0.2000  -27.9386   36.9965 0.8916417
    0.2000  -27.8794   36.8932 0.8872417
    0.2000  -27.8232   36.7959 0.8830417
    0.2000  -27.7680   36.7013 0.8789417
    0.2000  -27.7083   36.5997 0.8744417
    0.2000  -27.6522   36.5038 0.8703417
    0.2000  -27.5936   36.4025 0.8659417
    0.2000  -27.5289   36.2895 0.8610417
    0.2000  -27.4652   36.1771 0.8557417
    0.2000  -27.4041   36.0677 0.8507417
    0.2000  -27.3456   35.9618 0.8460417
    0.2000  -27.2898   35.8597 0.8414417
    0.2000  -27.2343   35.7581 0.8367417
    0.2000  -27.1818   35.6608 0.8322417
    0.2000  -27.1310   35.5666 0.8277417
    0.2000  -27.0812   35.4734 0.8234417
    0.2000  -27.0248   35.3669 0.8181417
    0.2000  -26.9726   35.2672 0.8133417
    0.2000  -26.9209   35.1676 0.8082417
    0.2000  -26.8639   35.0563 0.8025417
    0.2000  -26.8109   34.9510 0.7972417
    0.2000  -26.7573   34.8431 0.7915417
    0.2000  -26.7082   34.7433 0.7861417
    0.2000  -26.6599   34.6437 0.7808417
    0.2000  -26.6117   34.5437 0.7752417
    0.2000  -26.5640   34.4439 0.7696417
    0.2000  -26.5170   34.3457 0.7640417
    0.2000  -26.4710   34.2493 0.7583417
    0.2000  -26.4257   34.1549 0.7526417
    0.2000  -26.3809   34.0620 0.7469417
    0.2000  -26.3317   33.9604 0.7404417
    0.2000  -26.2854   33.8663 0.7342417
    0.2000  -26.2384   33.7720 0.7278417
    0.2000  -26.1873   33.6718 0.7207417
    0.2000  -26.1341   33.5700 0.7132417
    0.2000  -26.0848   33.4779 0.7061417
    0.2000  -26.0308   33.3797 0.6983417
    0.2000  -25.9752   33.2818 0.6900417
    0.2000  -25.9212   33.1897 0.6820417
    0.2000  -25.8626   33.0935 0.6731417
    0.2000  -25.8042   33.0016 0.6641417
    0.2000  -25.7457   32.9134 0.6550417
    0.2000  -25.6827   32.8232 0.6449417
    0.2000  -25.6180   32.7353 0.6341417
    0.2000  -25.5486   32.6475 0.6219417
    0.2000  -25.4392   32.5230 0.5888417
