    0.2000  163.4559  -66.6595 0.9802124
    0.2000  163.7301  -66.6241 0.9798124
    0.2000  163.9948  -66.5935 0.9775124
    0.2000  164.2498  -66.5575 0.9768124
    0.2000  164.5104  -66.5173 0.9751124
    0.2000  164.7409  -66.4581 0.9714124
    0.2000  165.0452  -66.4319 0.9720124
    0.2000  165.2775  -66.3884 0.9696124
    0.2000  165.5434  -66.3410 0.9674124
    0.2000  165.8055  -66.2980 0.9653124
    0.2000  166.0552  -66.2761 0.9648124
    0.2000  166.2822  -66.2254 0.9630124
    0.2000  166.5210  -66.1773 0.9612124
    0.2000  166.7869  -66.1400 0.9597124
    0.2000  167.0379  -66.1280 0.9588124
    0.2000  167.3119  -66.0858 0.9567124
    0.2000  167.6148  -66.0574 0.9555124
    0.2000  167.8635  -66.0300 0.9542124
    0.2000  168.0884  -65.9765 0.9500124
    0.2000  168.3765  -65.9699 0.9496124
    0.2000  168.6661  -65.9406 0.9471124
    0.2000  168.9405  -65.9075 0.9439124
    0.2000  169.1999  -65.8905 0.9423124
    0.2000  169.4766  -65.8701 0.9401124
    0.2000  169.7758  -65.8473 0.9371 56
    0.2000  170.0503  -65.8292 0.9343 56
    0.2000  170.3059  -65.8182 0.9325 56
    0.2000  170.6777  -65.8025 0.9301 56
    0.2000  170.9671  -65.7911 0.9278 56
    0.2000  171.2774  -65.7805 0.9259 56
    0.2000  171.5481  -65.7710 0.9229 56
    0.2000  171.8002  -65.7652 0.9217 56
    0.2000  172.0459  -65.7593 0.9178 56
    0.2000  172.3321  -65.7511 0.9166 56
    0.2000  172.5948  -65.7427 0.9135 56
    0.2000  172.9035  -65.7312 0.9113 56
    0.2000  173.2210  -65.7194 0.9081 56
    0.2000  173.5029  -65.7058 0.9055 56
    0.2000  173.7955  -65.6924 0.9032 56
    0.2000  174.0526  -65.6781 0.9002 38
    0.2000  174.3627  -65.6593 0.8969 38
    0.2000  174.6539  -65.6392 0.8935 38
    0.2000  174.9519  -65.6173 0.8896 38
    0.2000  175.2211  -65.5940 0.8861 38
    0.2000  175.4669  -65.5701 0.8829 38
    0.2000  175.7162  -65.5448 0.8788 38
    0.2000  175.9924  -65.5124 0.8743 38
    0.2000  176.2584  -65.4788 0.8696 33
    0.2000  176.5069  -65.4436 0.8650 33
    0.2000  176.7499  -65.4069 0.8603 33
    0.2000  177.0148  -65.3618 0.8551 33
    0.2000  177.4734  -65.2743 0.8448 33
    0.2000  177.7093  -65.2239 0.8393 33
    0.2000  177.9369  -65.1713 0.8340 33
    0.2000  178.1550  -65.1172 0.8284 33
    0.2000  178.3675  -65.0619 0.8230 33
    0.2000  178.6464  -64.9853 0.8158 33
    0.2000  178.8505  -64.9261 0.8105 33
    0.2000  179.0515  -64.8656 0.8051 33
    0.2000  179.2499  -64.8046 0.7999 33
    0.2000  179.4482  -64.7423 0.7947 33
    0.2000  179.7105  -64.6583 0.7878 33
    0.2000  179.9058  -64.5948 0.7826 33
    0.2000 -179.8969  -64.5304 0.7775 33
    0.2000 -179.6985  -64.4654 0.7724 33
    0.2000 -179.4971  -64.3993 0.7672 33
    0.2000 -179.2292  -64.3112 0.7605 33
    0.2000 -179.0241  -64.2440 0.7554 33
    0.2000 -178.8159  -64.1758 0.7504 33
    0.2000 -178.6037  -64.1065 0.7454 33
    0.2000 -178.3872  -64.0360 0.7403 33
    0.2000 -178.0933  -63.9402 0.7336 33
    0.2000 -177.9022  -63.8780 0.7293 33
    0.2000 -177.7074  -63.8146 0.7251 33
    0.2000 -177.5063  -63.7491 0.7208 33
    0.2000 -177.3013  -63.6823 0.7165 33
    0.2000 -177.0908  -63.6137 0.7121 33
    0.2000 -176.7884  -63.5148 0.7060 33
    0.2000 -176.5767  -63.4453 0.7019 33
    0.2000 -176.3944  -63.3852 0.6985 33
    0.2000 -176.2058  -63.3227 0.6950 33
    0.2000 -176.0095  -63.2575 0.6915 33
    0.2000 -175.8061  -63.1898 0.6879 33
    0.2000 -175.5527  -63.1051 0.6836 33
    0.2000 -175.3408  -63.0346 0.6799119
    0.2000 -175.1214  -62.9622 0.6760119
    0.2000 -174.9170  -62.8954 0.6722119
    0.2000 -174.7288  -62.8342 0.6686119
    0.2000 -174.5010  -62.7609 0.6640119
    0.2000 -174.2925  -62.6943 0.6597119
    0.2000 -174.0822  -62.6279 0.6551119
    0.2000 -173.8865  -62.5668 0.6507119
    0.2000 -173.6983  -62.5089 0.6463119
    0.2000 -173.4930  -62.4467 0.6412119
    0.2000 -173.2906  -62.3868 0.6358119
    0.2000 -173.1069  -62.3339 0.6307119
    0.2000 -172.9142  -62.2801 0.6248119
    0.2000 -172.7284  -62.2295 0.6187119
    0.2000 -172.5339  -62.1780 0.6113119
    0.2000 -172.2145  -62.0991 0.5888119
