    0.2000 -134.8082   52.8640 0.9821169
    0.2000 -134.7013   52.7606 0.9801169
    0.2000 -134.5813   52.6826 0.9777169
    0.2000 -134.5164   52.5797 0.9762169
    0.2000 -134.4229   52.4787 0.9731169
    0.2000 -134.3940   52.3763 0.9724169
    0.2000 -134.3396   52.2681 0.9710169
    0.2000 -134.3028   52.1416 0.9675169
    0.2000 -134.2784   52.0255 0.9653169
    0.2000 -134.2650   51.9194 0.9637169
    0.2000 -134.2411   51.8000 0.9613169
    0.2000 -134.2312   51.6995 0.9592169
    0.2000 -134.2268   51.5940 0.9581169
    0.2000 -134.2178   51.4851 0.9553169
    0.2000 -134.2142   51.3540 0.9514169
    0.2000 -134.2140   51.2350 0.9501169
    0.2000 -134.2202   51.1296 0.9476169
    0.2000 -134.2313   51.0292 0.9448169
    0.2000 -134.2353   50.9197 0.9437169
    0.2000 -134.2528   50.7985 0.9399169
    0.2000 -134.2686   50.6770 0.9366169
    0.2000 -134.2839   50.5271 0.9330169
    0.2000 -134.2921   50.4269 0.9308169
    0.2000 -134.2935   50.3099 0.9296169
    0.2000 -134.3020   50.1836 0.9264169
    0.2000 -134.3062   50.0797 0.9244169
    0.2000 -134.3102   49.9709 0.9225169
    0.2000 -134.3140   49.8493 0.9210169
    0.2000 -134.3156   49.7327 0.9174169
    0.2000 -134.3195   49.6259 0.9153169
    0.2000 -134.3220   49.5077 0.9129169
    0.2000 -134.3225   49.3443 0.9106169
    0.2000 -134.3260   49.2228 0.9077 55
    0.2000 -134.3250   49.1155 0.9060 55
    0.2000 -134.3251   49.0032 0.9033 55
    0.2000 -134.3232   48.8879 0.9012 55
    0.2000 -134.3191   48.7697 0.8984 55
    0.2000 -134.3157   48.6536 0.8955 55
    0.2000 -134.3120   48.5446 0.8930 55
    0.2000 -134.3094   48.4075 0.8894 55
    0.2000 -134.3079   48.2790 0.8863 55
    0.2000 -134.3055   48.1623 0.8827 55
    0.2000 -134.3056   48.0330 0.8787 55
    0.2000 -134.3052   47.9221 0.8754 55
    0.2000 -134.3061   47.7827 0.8701 55
    0.2000 -134.3103   47.6586 0.8656 34
    0.2000 -134.3156   47.5384 0.8610 34
    0.2000 -134.3229   47.4241 0.8563 34
    0.2000 -134.3325   47.3235 0.8516 34
    0.2000 -134.3470   47.2067 0.8464 34
    0.2000 -134.3639   47.0931 0.8409 34
    0.2000 -134.3875   46.9687 0.8347 34
    0.2000 -134.4137   46.8593 0.8287 33
    0.2000 -134.4409   46.7550 0.8226 33
    0.2000 -134.4733   46.6450 0.8159 33
    0.2000 -134.5387   46.4655 0.8039 33
    0.2000 -134.5807   46.3625 0.7967 33
    0.2000 -134.6232   46.2665 0.7899 33
    0.2000 -134.7127   46.0867 0.7766 33
    0.2000 -134.7654   45.9867 0.7695 33
    0.2000 -134.8185   45.8884 0.7625 33
    0.2000 -134.8998   45.7350 0.7519 33
    0.2000 -134.9523   45.6343 0.7453 33
    0.2000 -135.0032   45.5331 0.7388 33
    0.2000 -135.0753   45.3718 0.7290 33
    0.2000 -135.1187   45.2651 0.7227 33
    0.2000 -135.1595   45.1569 0.7165 33
    0.2000 -135.2127   44.9829 0.7071 33
    0.2000 -135.2384   44.8805 0.7017 33
    0.2000 -135.2612   44.7758 0.6964 33
    0.2000 -135.2804   44.6698 0.6911 33
    0.2000 -135.2956   44.5602 0.6858 33
    0.2000 -135.3071   44.4482 0.6806 33
    0.2000 -135.3142   44.3482 0.6760 33
    0.2000 -135.3187   44.2465 0.6714 33
    0.2000 -135.3214   44.0977 0.6649 33
    0.2000 -135.3198   43.9910 0.6603 33
    0.2000 -135.3154   43.8825 0.6558 33
    0.2000 -135.3083   43.7726 0.6512 33
    0.2000 -135.2932   43.5964 0.6440 33
    0.2000 -135.2804   43.4807 0.6394 33
    0.2000 -135.2670   43.3800 0.6354 33
    0.2000 -135.2512   43.2782 0.6314 33
    0.2000 -135.2328   43.1756 0.6273 33
    0.2000 -135.2105   43.0532 0.6226 33
    0.2000 -135.1940   42.9447 0.6189 33
    0.2000 -135.1801   42.8416 0.6157 33
    0.2000 -135.1661   42.7295 0.6125 33
    0.2000 -135.1542   42.6296 0.6098 33
    0.2000 -135.1345   42.4593 0.6054 33
    0.2000 -135.1203   42.3556 0.6024 29
    0.2000 -135.0804   42.1703 0.5888 29
