    0.2000  -18.0600   27.8904 0.9841107
    0.2000  -18.1750   27.8293 0.9804104
    0.2000  -18.2811   27.7871 0.9776104
    0.2000  -18.4008   27.7614 0.9740104
    0.2000  -18.5227   27.7352 0.9711104
    0.2000  -18.6409   27.6919 0.9660104
    0.2000  -18.7582   27.6662 0.9624104
    0.2000  -18.9633   27.5900 0.9553104
    0.2000  -19.0822   27.5499 0.9503 74
    0.2000  -19.1934   27.5151 0.9440 74
    0.2000  -19.2925   27.4598 0.9382 74
    0.2000  -19.3707   27.3786 0.9324 74
    0.2000  -19.4563   27.2905 0.9261 74
    0.2000  -19.5189   27.1913 0.9213 74
    0.2000  -19.5568   27.0950 0.9156 39
    0.2000  -19.5994   26.9991 0.9100 39
    0.2000  -19.6252   26.8981 0.9050 39
    0.2000  -19.6389   26.7619 0.8994 39
    0.2000  -19.6446   26.6489 0.8932 33
    0.2000  -19.6519   26.5486 0.8883 33
    0.2000  -19.6705   26.3684 0.8794 33
    0.2000  -19.6869   26.2625 0.8737 33
    0.2000  -19.7095   26.1600 0.8683 33
    0.2000  -19.7586   26.0034 0.8590 33
    0.2000  -19.7997   25.9076 0.8530 33
    0.2000  -19.8491   25.8141 0.8465 33
    0.2000  -19.9420   25.6753 0.8362 33
    0.2000  -20.0094   25.5945 0.8295 33
    0.2000  -20.1649   25.4487 0.8161 33
    0.2000  -20.2531   25.3798 0.8089264
    0.2000  -20.3453   25.3134 0.8014264
    0.2000  -20.4414   25.2488 0.7935264
    0.2000  -20.5339   25.1909 0.7857264
    0.2000  -20.6311   25.1327 0.7774264
    0.2000  -20.7250   25.0789 0.7691264
    0.2000  -20.8292   25.0223 0.7595264
    0.2000  -20.9303   24.9693 0.7497264
    0.2000  -21.0280   24.9198 0.7395264
    0.2000  -21.1250   24.8705 0.7284264
    0.2000  -21.2252   24.8184 0.7153264
    0.2000  -21.3206   24.7649 0.7003264
    0.2000  -21.4137   24.7047 0.6812264
    0.2000  -21.4947   24.6350 0.6550264
    0.2000  -21.5413   24.5421 0.5888264
