    0.2000   43.3063  -11.9074 0.9808196
    0.2000   43.2493  -12.0003 0.9772196
    0.2000   43.2333  -12.1096 0.9686118
    0.2000   43.1642  -12.2083 0.9633118
    0.2000   43.1240  -12.3027 0.9596118
    0.2000   43.0956  -12.4027 0.9527118
    0.2000   43.0371  -12.4885 0.9492118
    0.2000   42.9807  -12.5796 0.9441118
    0.2000   42.9158  -12.6657 0.9416118
    0.2000   42.8537  -12.7583 0.9364118
    0.2000   42.7750  -12.8534 0.9329118
    0.2000   42.6965  -12.9483 0.9292118
    0.2000   42.6293  -13.0275 0.9266118
    0.2000   42.5455  -13.1118 0.9253118
    0.2000   42.4589  -13.2023 0.9231118
    0.2000   42.3855  -13.2830 0.9200118
    0.2000   42.3125  -13.3553 0.9177118
    0.2000   42.2141  -13.4562 0.9151118
    0.2000   42.1176  -13.5535 0.9125 44
    0.2000   42.0398  -13.6200 0.9120 44
    0.2000   41.9406  -13.7165 0.9096 44
    0.2000   41.8575  -13.7933 0.9077 44
    0.2000   41.7633  -13.8794 0.9056 44
    0.2000   41.6847  -13.9450 0.9045 44
    0.2000   41.5945  -14.0247 0.9022 44
    0.2000   41.4748  -14.1215 0.9010 44
    0.2000   41.3951  -14.1856 0.8996 44
    0.2000   41.3121  -14.2513 0.8980 44
    0.2000   41.1989  -14.3383 0.8956 44
    0.2000   41.1147  -14.4043 0.8942 44
    0.2000   41.0297  -14.4712 0.8925 44
    0.2000   40.8790  -14.5848 0.8900 44
    0.2000   40.7634  -14.6715 0.8880 33
    0.2000   40.6458  -14.7597 0.8857 33
    0.2000   40.5392  -14.8366 0.8841 33
    0.2000   40.4242  -14.9213 0.8817 33
    0.2000   40.3128  -15.0018 0.8795 33
    0.2000   40.2047  -15.0784 0.8775 33
    0.2000   40.0995  -15.1521 0.8757 33
    0.2000   39.9916  -15.2279 0.8733 33
    0.2000   39.8883  -15.2996 0.8713 33
    0.2000   39.7148  -15.4200 0.8678 33
    0.2000   39.6148  -15.4887 0.8659 33
    0.2000   39.5122  -15.5590 0.8638 33
    0.2000   39.4131  -15.6265 0.8618 33
    0.2000   39.3108  -15.6964 0.8596 33
    0.2000   39.2115  -15.7639 0.8574 33
    0.2000   39.1133  -15.8300 0.8554 33
    0.2000   39.0173  -15.8944 0.8534 33
    0.2000   38.9218  -15.9582 0.8511 33
    0.2000   38.8258  -16.0226 0.8489 33
    0.2000   38.6686  -16.1278 0.8453 33
    0.2000   38.5747  -16.1904 0.8432 33
    0.2000   38.4818  -16.2525 0.8410 33
    0.2000   38.3891  -16.3144 0.8389 33
    0.2000   38.2989  -16.3747 0.8368 33
    0.2000   38.2075  -16.4358 0.8345 33
    0.2000   38.1174  -16.4960 0.8323 33
    0.2000   38.0273  -16.5562 0.8301 33
    0.2000   37.9396  -16.6147 0.8279 33
    0.2000   37.8502  -16.6747 0.8257 33
    0.2000   37.7042  -16.7727 0.8220 33
    0.2000   37.6156  -16.8322 0.8198 33
    0.2000   37.5289  -16.8905 0.8175 33
    0.2000   37.4410  -16.9498 0.8153 33
    0.2000   37.3275  -17.0263 0.8124 33
    0.2000   37.2141  -17.1028 0.8093 33
    0.2000   37.1281  -17.1608 0.8070 33
    0.2000   37.0426  -17.2185 0.8047 33
    0.2000   36.9289  -17.2951 0.8016 33
    0.2000   36.7879  -17.3895 0.7978 33
    0.2000   36.6758  -17.4639 0.7947 33
    0.2000   36.5622  -17.5389 0.7915 33
    0.2000   36.4497  -17.6124 0.7883 33
    0.2000   36.3369  -17.6854 0.7851 33
    0.2000   36.2244  -17.7574 0.7819 33
    0.2000   36.1111  -17.8287 0.7787 33
    0.2000   35.9964  -17.8999 0.7754 33
    0.2000   35.8815  -17.9697 0.7721 33
    0.2000   35.7701  -18.0362 0.7689 33
    0.2000   35.6798  -18.0890 0.7663 33
    0.2000   35.5895  -18.1407 0.7636 33
    0.2000   35.4985  -18.1918 0.7610 33
    0.2000   35.4052  -18.2432 0.7583 33
    0.2000   35.3111  -18.2939 0.7555 33
    0.2000   35.1438  -18.3810 0.7506 33
    0.2000   35.0369  -18.4349 0.7475202
    0.2000   34.9271  -18.4893 0.7442202
    0.2000   34.8170  -18.5428 0.7409202
    0.2000   34.7092  -18.5940 0.7375202
    0.2000   34.6013  -18.6444 0.7341202
    0.2000   34.4943  -18.6931 0.7307202
    0.2000   34.3893  -18.7401 0.7273202
    0.2000   34.2869  -18.7847 0.7239202
    0.2000   34.1844  -18.8286 0.7204202
    0.2000   34.0814  -18.8718 0.7168202
    0.2000   33.9782  -18.9140 0.7132202
    0.2000   33.8759  -18.9551 0.7095202
    0.2000   33.7767  -18.9938 0.7059202
    0.2000   33.6553  -19.0405 0.7013202
    0.2000   33.5568  -19.0777 0.6974202
    0.2000   33.4360  -19.1222 0.6926202
    0.2000   33.3270  -19.1617 0.6882202
    0.2000   33.2205  -19.1997 0.6837202
    0.2000   33.1159  -19.2365 0.6790202
    0.2000   32.9998  -19.2766 0.6738202
    0.2000   32.8925  -19.3130 0.6688202
    0.2000   32.7861  -19.3487 0.6636202
    0.2000   32.6743  -19.3856 0.6579202
    0.2000   32.5622  -19.4219 0.6520202
    0.2000   32.4570  -19.4554 0.6462202
    0.2000   32.3526  -19.4885 0.6400202
    0.2000   32.2389  -19.5243 0.6328202
    0.2000   32.1355  -19.5567 0.6256202
    0.2000   32.0300  -19.5905 0.6174202
    0.2000   31.8322  -19.6570 0.5888202
