    0.2000   24.0253   12.9410 0.9827240
    0.2000   24.1270   12.9105 0.9708240
    0.2000   24.1161   12.8079 0.9702240
    0.2000   24.2244   12.7729 0.9652240
    0.2000   24.3233   12.7347 0.9609240
    0.2000   24.3523   12.6291 0.9591240
    0.2000   24.4644   12.6150 0.9547240
    0.2000   24.5203   12.5272 0.9512240
    0.2000   24.6357   12.4628 0.9457240
    0.2000   24.6750   12.3688 0.9437240
    0.2000   24.7647   12.2998 0.9390240
    0.2000   24.7821   12.1992 0.9377240
    0.2000   24.8449   12.1172 0.9334240
    0.2000   24.8614   12.0137 0.9312240
    0.2000   24.9040   11.9191 0.9277240
    0.2000   24.9133   11.7976 0.9273240
    0.2000   24.9602   11.6879 0.9233240
    0.2000   24.9709   11.5882 0.9211240
    0.2000   24.9680   11.4837 0.9200240
    0.2000   24.9912   11.3410 0.9172240
    0.2000   25.0109   11.2104 0.9150240
    0.2000   25.0289   11.0951 0.9131240
    0.2000   25.0284   10.9791 0.9123240
    0.2000   25.0280   10.8596 0.9113240
    0.2000   25.0265   10.6804 0.9103240
    0.2000   25.0394   10.5599 0.9087 53
    0.2000   25.0343   10.4301 0.9082 53
    0.2000   25.0497   10.3046 0.9063 53
    0.2000   25.0472   10.1817 0.9057 53
    0.2000   25.0536   10.0791 0.9046 53
    0.2000   25.0578    9.9239 0.9034 53
    0.2000   25.0493    9.7826 0.9027 53
    0.2000   25.0537    9.6567 0.9016 53
    0.2000   25.0372    9.5053 0.9017 53
    0.2000   25.0393    9.3623 0.9002 53
    0.2000   25.0225    9.2257 0.9006 53
    0.2000   25.0198    9.0781 0.8992 53
    0.2000   25.0063    8.9103 0.8987 53
    0.2000   24.9971    8.7860 0.8980 53
    0.2000   24.9816    8.6292 0.8980 53
    0.2000   24.9691    8.4805 0.8971 53
    0.2000   24.9506    8.2786 0.8961 53
    0.2000   24.9372    8.1576 0.8958 35
    0.2000   24.9240    8.0214 0.8956 35
    0.2000   24.9113    7.8903 0.8952 35
    0.2000   24.8989    7.7354 0.8946 35
    0.2000   24.8837    7.6074 0.8944 35
    0.2000   24.8714    7.4836 0.8941 35
    0.2000   24.8643    7.3706 0.8936 35
    0.2000   24.8497    7.2557 0.8935 35
    0.2000   24.8357    7.1431 0.8933 35
    0.2000   24.8279    7.0380 0.8929 35
    0.2000   24.8067    6.8473 0.8924 35
    0.2000   24.7911    6.7356 0.8923 35
    0.2000   24.7767    6.5889 0.8918 35
    0.2000   24.7593    6.4513 0.8916 35
    0.2000   24.7455    6.3247 0.8912 35
    0.2000   24.7237    6.1559 0.8910 35
    0.2000   24.7076    6.0120 0.8905 34
    0.2000   24.6932    5.8804 0.8901 34
    0.2000   24.6768    5.7258 0.8897 34
    0.2000   24.6613    5.6191 0.8895 34
    0.2000   24.6464    5.4865 0.8892 34
    0.2000   24.6299    5.3745 0.8892 34
    0.2000   24.6155    5.2383 0.8887 34
    0.2000   24.5994    5.1085 0.8884 34
    0.2000   24.5846    4.9805 0.8880 34
    0.2000   24.5683    4.8606 0.8878 34
    0.2000   24.5542    4.7501 0.8877 34
    0.2000   24.5416    4.6334 0.8873 34
    0.2000   24.5261    4.5253 0.8872 34
    0.2000   24.5121    4.3953 0.8867 34
    0.2000   24.4977    4.2672 0.8863 34
    0.2000   24.4854    4.1466 0.8859 34
    0.2000   24.4707    4.0301 0.8858 33
    0.2000   24.4591    3.9206 0.8855 33
    0.2000   24.4465    3.8053 0.8852 33
    0.2000   24.4331    3.6730 0.8847 33
    0.2000   24.4205    3.5599 0.8845 33
    0.2000   24.4046    3.4064 0.8843 33
    0.2000   24.3948    3.2993 0.8838 33
    0.2000   24.3844    3.1828 0.8834 33
    0.2000   24.3721    3.0662 0.8832 33
    0.2000   24.3627    2.9541 0.8829 33
    0.2000   24.3531    2.8374 0.8823 33
    0.2000   24.3416    2.6927 0.8819 33
    0.2000   24.3319    2.5713 0.8817 33
    0.2000   24.3192    2.3732 0.8810 33
    0.2000   24.3138    2.2680 0.8808 33
    0.2000   24.3086    2.1574 0.8802 33
    0.2000   24.3036    2.0527 0.8800 33
    0.2000   24.2989    1.9043 0.8795 33
    0.2000   24.2954    1.7939 0.8792 33
    0.2000   24.2937    1.6905 0.8785 33
    0.2000   24.2932    1.5391 0.8779 33
    0.2000   24.2923    1.3852 0.8777 33
    0.2000   24.2934    1.2785 0.8770 33
    0.2000   24.2968    1.1304 0.8763 33
    0.2000   24.2992    1.0252 0.8763 33
    0.2000   24.3054    0.8778 0.8756 33
    0.2000   24.3125    0.7219 0.8746 33
    0.2000   24.3228    0.5694 0.8739 32
    0.2000   24.3315    0.4543 0.8735 32
    0.2000   24.3413    0.3270 0.8727 32
    0.2000   24.3529    0.2072 0.8721 32
    0.2000   24.3657    0.0937 0.8718 32
    0.2000   24.3800   -0.0292 0.8710 32
    0.2000   24.3952   -0.1483 0.8705 32
    0.2000   24.4110   -0.2714 0.8699 32
    0.2000   24.4291   -0.3914 0.8693 32
    0.2000   24.4530   -0.5600 0.8685 32
    0.2000   24.4751   -0.6966 0.8680412
    0.2000   24.4964   -0.8439 0.8672412
    0.2000   24.5098   -0.9446 0.8664412
    0.2000   24.5293   -1.0800 0.8658412
    0.2000   24.5487   -1.2261 0.8648412
    0.2000   24.5676   -1.3646 0.8639412
    0.2000   24.5862   -1.5025 0.8630412
    0.2000   24.6043   -1.6435 0.8619412
    0.2000   24.6226   -1.7797 0.8611412
    0.2000   24.6410   -1.9225 0.8599412
    0.2000   24.6599   -2.0601 0.8587412
    0.2000   24.6786   -2.1977 0.8578412
    0.2000   24.6974   -2.3348 0.8565412
    0.2000   24.7153   -2.4667 0.8555412
    0.2000   24.7342   -2.6111 0.8540412
    0.2000   24.7524   -2.7466 0.8526412
    0.2000   24.7713   -2.8903 0.8510412
    0.2000   24.7887   -3.0199 0.8497412
    0.2000   24.8067   -3.1485 0.8484412
    0.2000   24.8236   -3.2786 0.8469412
    0.2000   24.8404   -3.4053 0.8455412
    0.2000   24.8568   -3.5325 0.8439412
    0.2000   24.8736   -3.6541 0.8426412
    0.2000   24.8900   -3.7789 0.8410412
    0.2000   24.9061   -3.9007 0.8394412
    0.2000   24.9220   -4.0216 0.8379412
    0.2000   24.9379   -4.1394 0.8363412
    0.2000   24.9530   -4.2602 0.8345412
    0.2000   24.9676   -4.3751 0.8329412
    0.2000   24.9812   -4.4838 0.8314412
    0.2000   24.9949   -4.5926 0.8296412
    0.2000   25.0076   -4.6994 0.8279412
    0.2000   25.0206   -4.8122 0.8261412
    0.2000   25.0323   -4.9136 0.8244412
    0.2000   25.0467   -5.0413 0.8223412
    0.2000   25.0607   -5.1680 0.8201412
    0.2000   25.0741   -5.2940 0.8179412
    0.2000   25.0871   -5.4191 0.8155412
    0.2000   25.0999   -5.5379 0.8134412
    0.2000   25.1122   -5.6585 0.8110412
    0.2000   25.1237   -5.7767 0.8085412
    0.2000   25.1350   -5.8928 0.8062412
    0.2000   25.1453   -6.0101 0.8037412
    0.2000   25.1555   -6.1237 0.8012412
    0.2000   25.1650   -6.2370 0.7987412
    0.2000   25.1738   -6.3472 0.7962412
    0.2000   25.1820   -6.4582 0.7936412
    0.2000   25.1898   -6.5679 0.7910412
    0.2000   25.1968   -6.6785 0.7882412
    0.2000   25.2035   -6.7881 0.7854412
    0.2000   25.2098   -6.8959 0.7826412
    0.2000   25.2156   -7.0052 0.7798412
    0.2000   25.2210   -7.1148 0.7768412
    0.2000   25.2260   -7.2260 0.7738412
    0.2000   25.2305   -7.3375 0.7706412
    0.2000   25.2345   -7.4494 0.7674412
    0.2000   25.2377   -7.5618 0.7640412
    0.2000   25.2408   -7.6745 0.7606412
    0.2000   25.2434   -7.7866 0.7571412
    0.2000   25.2452   -7.8993 0.7535412
    0.2000   25.2464   -8.0018 0.7501412
    0.2000   25.2474   -8.1035 0.7467412
    0.2000   25.2478   -8.2265 0.7425412
    0.2000   25.2476   -8.3418 0.7384412
    0.2000   25.2467   -8.4590 0.7341412
    0.2000   25.2454   -8.5686 0.7300412
    0.2000   25.2440   -8.6704 0.7261412
    0.2000   25.2416   -8.7783 0.7218412
    0.2000   25.2389   -8.8804 0.7176412
    0.2000   25.2357   -8.9854 0.7132412
    0.2000   25.2321   -9.0856 0.7089412
    0.2000   25.2273   -9.2040 0.7036412
    0.2000   25.2223   -9.3141 0.6984412
    0.2000   25.2169   -9.4195 0.6933412
    0.2000   25.2112   -9.5221 0.6881412
    0.2000   25.2042   -9.6350 0.6822412
    0.2000   25.1974   -9.7353 0.6766412
    0.2000   25.1892   -9.8416 0.6704412
    0.2000   25.1803   -9.9430 0.6640412
    0.2000   25.1697  -10.0509 0.6569412
    0.2000   25.1585  -10.1525 0.6495412
    0.2000   25.1454  -10.2572 0.6413412
    0.2000   25.1310  -10.3593 0.6323412
    0.2000   25.1141  -10.4640 0.6215412
    0.2000   25.0796  -10.6352 0.5888412
