    0.2000  142.9437  -38.2086 0.9817475
    0.2000  142.9705  -38.2458 0.9816475
    0.2000  142.9483  -38.3832 0.9796475
    0.2000  143.0015  -38.4742 0.9793475
    0.2000  142.9398  -38.5878 0.9760475
    0.2000  143.0480  -38.6662 0.9770475
    0.2000  143.0534  -38.7821 0.9743475
    0.2000  143.0597  -38.8843 0.9716475
    0.2000  143.0961  -38.9809 0.9706475
    0.2000  143.1521  -39.0844 0.9681475
    0.2000  143.2250  -39.1680 0.9662475
    0.2000  143.2886  -39.2569 0.9634475
    0.2000  143.3645  -39.3384 0.9625475
    0.2000  143.4548  -39.4520 0.9591475
    0.2000  143.5392  -39.5379 0.9570475
    0.2000  143.6320  -39.6270 0.9552475
    0.2000  143.7473  -39.7216 0.9521475
    0.2000  143.8467  -39.7984 0.9511475
    0.2000  143.9474  -39.8776 0.9485475
    0.2000  144.0515  -39.9445 0.9450475
    0.2000  144.1836  -40.0407 0.9442475
    0.2000  144.3009  -40.1095 0.9410475
    0.2000  144.4174  -40.1734 0.9389475
    0.2000  144.5213  -40.2469 0.9375475
    0.2000  144.6510  -40.3360 0.9348475
    0.2000  144.7916  -40.4229 0.9312475
    0.2000  144.9090  -40.5046 0.9295475
    0.2000  145.0253  -40.5872 0.9280475
    0.2000  145.1311  -40.6619 0.9260475
    0.2000  145.2591  -40.7585 0.9242475
    0.2000  145.3730  -40.8472 0.9230475
    0.2000  145.4963  -40.9413 0.9209475
    0.2000  145.6230  -41.0352 0.9202475
    0.2000  145.7276  -41.1242 0.9184475
    0.2000  145.8618  -41.2382 0.9165475
    0.2000  145.9622  -41.3129 0.9163475
    0.2000  146.0555  -41.3913 0.9148475
    0.2000  146.1578  -41.4761 0.9139475
    0.2000  146.2574  -41.5629 0.9129475
    0.2000  146.3628  -41.6495 0.9118475
    0.2000  146.4743  -41.7364 0.9112475
    0.2000  146.5980  -41.8417 0.9094475
    0.2000  146.7263  -41.9542 0.9079475
    0.2000  146.8337  -42.0404 0.9077475
    0.2000  146.9592  -42.1382 0.9059475
    0.2000  147.0571  -42.2229 0.9056475
    0.2000  147.1668  -42.3104 0.9039475
    0.2000  147.2684  -42.3868 0.9037475
    0.2000  147.4128  -42.5105 0.9028475
    0.2000  147.5541  -42.6205 0.9008 69
    0.2000  147.6535  -42.6997 0.9004 69
    0.2000  147.7605  -42.7878 0.8995 69
    0.2000  147.8901  -42.8986 0.8980 69
    0.2000  148.0038  -42.9881 0.8963 69
    0.2000  148.1132  -43.0694 0.8955 69
    0.2000  148.2330  -43.1689 0.8940 69
    0.2000  148.3459  -43.2575 0.8928 69
    0.2000  148.4577  -43.3481 0.8914 69
    0.2000  148.5582  -43.4218 0.8904 69
    0.2000  148.6658  -43.5060 0.8890 69
    0.2000  148.8171  -43.6171 0.8873 69
    0.2000  148.9161  -43.6904 0.8860 69
    0.2000  149.0535  -43.7870 0.8841 69
    0.2000  149.1944  -43.8856 0.8825 69
    0.2000  149.3324  -43.9818 0.8805 69
    0.2000  149.4609  -44.0664 0.8782 69
    0.2000  149.5876  -44.1503 0.8767 69
    0.2000  149.7037  -44.2243 0.8742 69
    0.2000  149.8232  -44.2961 0.8725 69
    0.2000  149.9525  -44.3805 0.8699 69
    0.2000  150.0967  -44.4666 0.8675 69
    0.2000  150.2139  -44.5364 0.8653 69
    0.2000  150.3351  -44.6071 0.8631 69
    0.2000  150.4706  -44.6832 0.8605 69
    0.2000  150.6131  -44.7626 0.8577 57
    0.2000  150.7452  -44.8321 0.8552 57
    0.2000  150.8797  -44.9022 0.8519 57
    0.2000  151.0094  -44.9663 0.8492 57
    0.2000  151.1387  -45.0280 0.8465 57
    0.2000  151.2663  -45.0855 0.8439 57
    0.2000  151.3949  -45.1421 0.8411 57
    0.2000  151.5231  -45.1952 0.8384 57
    0.2000  151.6517  -45.2458 0.8359 57
    0.2000  151.7815  -45.2950 0.8332 57
    0.2000  151.9121  -45.3424 0.8304 57
    0.2000  152.0432  -45.3892 0.8278 57
    0.2000  152.1958  -45.4433 0.8247 57
    0.2000  152.3427  -45.4941 0.8216 57
    0.2000  152.5123  -45.5500 0.8177 57
    0.2000  152.6822  -45.6013 0.8141 37
    0.2000  152.8554  -45.6501 0.8104 37
    0.2000  153.0301  -45.6962 0.8067 37
    0.2000  153.2063  -45.7419 0.8031 37
    0.2000  153.3843  -45.7875 0.7995 37
    0.2000  153.5634  -45.8328 0.7959 37
    0.2000  153.7423  -45.8771 0.7924 37
    0.2000  153.9238  -45.9171 0.7888 37
    0.2000  154.0984  -45.9522 0.7853 37
    0.2000  154.3496  -45.9995 0.7804 37
    0.2000  154.5122  -46.0291 0.7772 34
    0.2000  154.6766  -46.0586 0.7740 34
    0.2000  154.8426  -46.0879 0.7708 34
    0.2000  155.0100  -46.1169 0.7677 34
    0.2000  155.1785  -46.1452 0.7646 34
    0.2000  155.3511  -46.1709 0.7614 34
    0.2000  155.5126  -46.1945 0.7585 34
    0.2000  155.6732  -46.2170 0.7557 34
    0.2000  155.8303  -46.2382 0.7530 34
    0.2000  156.0894  -46.2711 0.7484 34
    0.2000  156.2467  -46.2898 0.7457 33
    0.2000  156.4053  -46.3081 0.7429 33
    0.2000  156.5664  -46.3261 0.7401 33
    0.2000  156.7258  -46.3431 0.7374 33
    0.2000  156.8805  -46.3589 0.7348 33
    0.2000  157.0393  -46.3743 0.7322 33
    0.2000  157.1976  -46.3889 0.7296 33
    0.2000  157.3431  -46.4022 0.7273 33
    0.2000  157.4986  -46.4153 0.7247 33
    0.2000  157.7558  -46.4353 0.7205 33
    0.2000  157.9141  -46.4464 0.7179 33
    0.2000  158.1073  -46.4593 0.7148 33
    0.2000  158.2577  -46.4686 0.7123 33
    0.2000  158.4033  -46.4774 0.7100 33
    0.2000  158.5539  -46.4856 0.7076 33
    0.2000  158.7438  -46.4956 0.7046 33
    0.2000  158.8939  -46.5026 0.7022 33
    0.2000  159.0437  -46.5089 0.6998 33
    0.2000  159.3318  -46.5193 0.6953 33
    0.2000  159.4851  -46.5240 0.6927 33
    0.2000  159.6634  -46.5299 0.6900 33
    0.2000  159.8509  -46.5349 0.6870 33
    0.2000  160.0409  -46.5393 0.6839 33
    0.2000  160.2250  -46.5431 0.6811 33
    0.2000  160.4170  -46.5460 0.6780 33
    0.2000  160.5971  -46.5482 0.6752 33
    0.2000  160.8421  -46.5497 0.6714 33
    0.2000  161.0289  -46.5515 0.6685 33
    0.2000  161.2115  -46.5535 0.6657 33
    0.2000  161.3859  -46.5553 0.6631 33
    0.2000  161.5706  -46.5566 0.6603 33
    0.2000  161.7529  -46.5575 0.6575 33
    0.2000  161.9416  -46.5579 0.6547 33
    0.2000  162.1239  -46.5577 0.6520 33
    0.2000  162.3174  -46.5569 0.6492 33
    0.2000  162.5022  -46.5575 0.6464 33
    0.2000  162.6855  -46.5590 0.6439 33
    0.2000  162.8324  -46.5608 0.6418 33
    0.2000  163.0123  -46.5632 0.6392 33
    0.2000  163.1947  -46.5654 0.6367 33
    0.2000  163.3833  -46.5679 0.6341 33
    0.2000  163.5721  -46.5703 0.6315 33
    0.2000  163.8076  -46.5727 0.6285 33
    0.2000  163.9599  -46.5749 0.6263 33
    0.2000  164.1056  -46.5778 0.6245 33
    0.2000  164.2957  -46.5829 0.6221 33
    0.2000  164.4926  -46.5904 0.6195 33
    0.2000  164.6719  -46.5976 0.6173 33
    0.2000  164.8649  -46.6061 0.6150 33
    0.2000  165.0583  -46.6151 0.6126 33
    0.2000  165.3487  -46.6293 0.6092 33
    0.2000  165.5038  -46.6376 0.6073 33
    0.2000  165.6558  -46.6451 0.6057 33
    0.2000  165.8059  -46.6528 0.6039 33
    0.2000  165.9650  -46.6612 0.6023 33
    0.2000  166.1263  -46.6700 0.6006 33
    0.2000  166.2954  -46.6792 0.5989 33
    0.2000  166.4535  -46.6882 0.5973 33
    0.2000  166.6219  -46.6963 0.5957 33
    0.2000  166.7940  -46.7041 0.5942 33
    0.2000  167.1069  -46.7195 0.5914 33
    0.2000  167.2917  -46.7268 0.5899 33
    0.2000  167.4921  -46.7349 0.5886 33
    0.2000  167.6985  -46.7409 0.5886 33
    0.2000  167.8981  -46.7427 0.5887 33
    0.2000  168.0883  -46.7410 0.5887 33
    0.2000  168.2843  -46.7365 0.5887 33
    0.2000  168.4861  -46.7287 0.5886 33
    0.2000  168.6561  -46.7174 0.5887 33
    0.2000  168.8360  -46.7022 0.5888 33
    0.2000  169.1192  -46.6706 0.5887 33
    0.2000  169.2692  -46.6486 0.5888 19
    0.2000  169.4711  -46.6161 0.5887 19
    0.2000  169.6276  -46.5853 0.5886 19
    0.2000  169.8149  -46.5384 0.5885 19
    0.2000  169.7743  -46.5398 0.5888  2
