    0.2000    7.1619   49.9592 0.9817350
    0.2000    7.0121   49.9988 0.9833350
    0.2000    6.9035   49.9156 0.9780350
    0.2000    6.7391   49.9016 0.9762350
    0.2000    6.5900   49.8509 0.9717350
    0.2000    6.4128   49.8375 0.9681350
    0.2000    6.1990   49.8331 0.9644350
    0.2000    6.0272   49.8219 0.9612108
    0.2000    5.8673   49.8311 0.9598108
    0.2000    5.6872   49.8203 0.9558108
    0.2000    5.5318   49.8183 0.9529108
    0.2000    5.3767   49.8355 0.9522108
    0.2000    5.2136   49.8377 0.9497108
    0.2000    5.0439   49.8439 0.9462108
    0.2000    4.8775   49.8538 0.9438108
    0.2000    4.7066   49.8676 0.9417108
    0.2000    4.5412   49.8758 0.9384108
    0.2000    4.3640   49.8877 0.9353108
    0.2000    4.1710   49.9022 0.9330108
    0.2000    3.9368   49.9216 0.9305108
    0.2000    3.7653   49.9360 0.9284108
    0.2000    3.5749   49.9526 0.9267108
    0.2000    3.3989   49.9686 0.9240108
    0.2000    3.2253   49.9870 0.9223108
    0.2000    3.0683   50.0031 0.9223108
    0.2000    2.9139   50.0214 0.9210108
    0.2000    2.6880   50.0475 0.9177108
    0.2000    2.4973   50.0693 0.9162108
    0.2000    2.2855   50.0927 0.9146108
    0.2000    2.0419   50.1187 0.9132108
    0.2000    1.8630   50.1395 0.9118108
    0.2000    1.6955   50.1591 0.9106108
    0.2000    1.4419   50.1883 0.9090108
    0.2000    1.2548   50.2104 0.9076108
    0.2000    1.0923   50.2296 0.9072108
    0.2000    0.8215   50.2624 0.9049108
    0.2000    0.5847   50.2910 0.9042108
    0.2000    0.3343   50.3245 0.9020 34
    0.2000    0.1559   50.3492 0.9014 34
    0.2000   -0.0714   50.3802 0.8996 34
    0.2000   -0.2632   50.4092 0.8982 34
    0.2000   -0.4616   50.4401 0.8963 34
    0.2000   -0.6519   50.4674 0.8950 34
    0.2000   -0.8700   50.5023 0.8933 34
    0.2000   -1.1080   50.5397 0.8914 34
    0.2000   -1.3435   50.5763 0.8896 34
    0.2000   -1.6745   50.6306 0.8866 34
    0.2000   -1.9036   50.6705 0.8839 22
    0.2000   -2.1030   50.7041 0.8817 22
    0.2000   -2.2840   50.7339 0.8796 22
    0.2000   -2.4515   50.7610 0.8774 22
    0.2000   -2.6161   50.7879 0.8752 22
    0.2000   -2.8395   50.8234 0.8717 22
    0.2000   -3.0451   50.8567 0.8685 22
    0.2000   -3.2448   50.8891 0.8652 19
    0.2000   -3.4317   50.9192 0.8619 19
    0.2000   -3.6033   50.9460 0.8587 19
    0.2000   -3.7674   50.9703 0.8554 19
    0.2000   -3.9638   50.9973 0.8510 19
    0.2000   -4.1529   51.0219 0.8467 19
    0.2000   -4.3312   51.0430 0.8422 19
    0.2000   -4.6546   51.0719 0.8335 19
    0.2000   -4.8409   51.0808 0.8279 17
    0.2000   -5.0206   51.0846 0.8224 17
    0.2000   -5.2304   51.0823 0.8157 17
    0.2000   -5.3999   51.0746 0.8100 17
    0.2000   -5.5686   51.0616 0.8043 17
    0.2000   -5.7722   51.0414 0.7973 17
    0.2000   -5.9435   51.0207 0.7915 26
    0.2000   -6.0995   50.9993 0.7862 26
    0.2000   -6.3294   50.9652 0.7784 26
    0.2000   -6.4927   50.9400 0.7729 33
    0.2000   -6.6586   50.9137 0.7674 33
    0.2000   -6.9244   50.8725 0.7588 33
    0.2000   -7.0807   50.8494 0.7538 33
    0.2000   -7.2416   50.8264 0.7488 33
    0.2000   -7.4056   50.8043 0.7437 33
    0.2000   -7.5745   50.7836 0.7387 33
    0.2000   -7.7498   50.7639 0.7335 33
    0.2000   -7.9068   50.7477 0.7290 33
    0.2000   -8.0697   50.7321 0.7244 33
    0.2000   -8.3096   50.7126 0.7179 33
    0.2000   -8.4856   50.7005 0.7133 33
    0.2000   -8.6673   50.6897 0.7086 33
    0.2000   -8.8300   50.6812 0.7045 33
    0.2000   -8.9959   50.6734 0.7005 33
    0.2000   -9.1677   50.6669 0.6964 33
    0.2000   -9.3459   50.6619 0.6923 33
    0.2000   -9.5300   50.6581 0.6882 33
    0.2000   -9.6882   50.6560 0.6847 33
    0.2000   -9.8525   50.6545 0.6811 33
    0.2000  -10.0194   50.6538 0.6776 33
    0.2000  -10.1928   50.6538 0.6741 33
    0.2000  -10.3597   50.6545 0.6708 33
    0.2000  -10.5349   50.6555 0.6674 33
    0.2000  -10.7173   50.6570 0.6640 33
    0.2000  -10.8753   50.6585 0.6611 33
    0.2000  -11.1743   50.6614 0.6559 33
    0.2000  -11.3682   50.6627 0.6524 98
    0.2000  -11.5637   50.6630 0.6487 98
    0.2000  -11.7399   50.6619 0.6452 98
    0.2000  -11.9032   50.6599 0.6417 98
    0.2000  -12.0878   50.6562 0.6374 98
    0.2000  -12.2688   50.6511 0.6330 98
    0.2000  -12.4416   50.6447 0.6283 98
    0.2000  -12.6072   50.6368 0.6234 98
    0.2000  -12.7828   50.6259 0.6174 98
    0.2000  -12.9505   50.6128 0.6106 98
    0.2000  -13.2113   50.5860 0.5888 98
