    0.2000 -112.9090   27.0166 0.9841191
    0.2000 -112.7963   26.9987 0.9818191
    0.2000 -112.7531   26.8976 0.9796191
    0.2000 -112.6455   26.8584 0.9768191
    0.2000 -112.6154   26.7567 0.9733191
    0.2000 -112.5869   26.6579 0.9690191
    0.2000 -112.5687   26.5584 0.9633191
    0.2000 -112.6111   26.4534 0.9600191
    0.2000 -112.6449   26.3571 0.9554191
    0.2000 -112.7078   26.2602 0.9511191
    0.2000 -112.7819   26.1766 0.9467191
    0.2000 -112.8691   26.0870 0.9418191
    0.2000 -112.9624   26.0043 0.9383 63
    0.2000 -113.0580   25.9204 0.9334 63
    0.2000 -113.1444   25.8493 0.9303 63
    0.2000 -113.2391   25.7764 0.9276 63
    0.2000 -113.3395   25.7011 0.9243 63
    0.2000 -113.4334   25.6362 0.9217 63
    0.2000 -113.5420   25.5630 0.9183 63
    0.2000 -113.6462   25.4923 0.9154 63
    0.2000 -113.7614   25.4173 0.9129 63
    0.2000 -113.8612   25.3510 0.9101 63
    0.2000 -113.9777   25.2786 0.9079 63
    0.2000 -114.1095   25.1958 0.9041 63
    0.2000 -114.2135   25.1351 0.9019 63
    0.2000 -114.4049   25.0310 0.8962 63
    0.2000 -114.5037   24.9775 0.8937 33
    0.2000 -114.6250   24.9119 0.8904 33
    0.2000 -114.7254   24.8581 0.8877 33
    0.2000 -114.8462   24.7928 0.8841 33
    0.2000 -114.9574   24.7323 0.8806 33
    0.2000 -115.0721   24.6701 0.8772 33
    0.2000 -115.1696   24.6154 0.8736 33
    0.2000 -115.3222   24.5275 0.8684 33
    0.2000 -115.4208   24.4691 0.8650 33
    0.2000 -115.5144   24.4120 0.8615 33
    0.2000 -115.6269   24.3408 0.8575 33
    0.2000 -115.7187   24.2809 0.8539 33
    0.2000 -115.8240   24.2095 0.8496 33
    0.2000 -115.9270   24.1376 0.8455 33
    0.2000 -116.0223   24.0686 0.8418 33
    0.2000 -116.1192   23.9961 0.8378 33
    0.2000 -116.2105   23.9254 0.8339 33
    0.2000 -116.2972   23.8552 0.8298 33
    0.2000 -116.3811   23.7857 0.8259 33
    0.2000 -116.4620   23.7173 0.8221 33
    0.2000 -116.5710   23.6223 0.8168 33
    0.2000 -116.6611   23.5412 0.8122 33
    0.2000 -116.7448   23.4629 0.8077 33
    0.2000 -116.8252   23.3863 0.8032 33
    0.2000 -116.9036   23.3106 0.7988 33
    0.2000 -117.0043   23.2115 0.7928 33
    0.2000 -117.0879   23.1272 0.7877 33
    0.2000 -117.1675   23.0453 0.7826 33
    0.2000 -117.2456   22.9646 0.7775 33
    0.2000 -117.3637   22.8414 0.7696 33
    0.2000 -117.4364   22.7649 0.7646 33
    0.2000 -117.5169   22.6796 0.7588 33
    0.2000 -117.5964   22.5957 0.7531 33
    0.2000 -117.6843   22.5029 0.7467 33
    0.2000 -117.7608   22.4224 0.7410 33
    0.2000 -117.8367   22.3427 0.7353 33
    0.2000 -117.9121   22.2637 0.7296 33
    0.2000 -117.9869   22.1857 0.7239 33
    0.2000 -118.0609   22.1090 0.7183 33
    0.2000 -118.1347   22.0328 0.7126 33
    0.2000 -118.2083   21.9569 0.7069 33
    0.2000 -118.2815   21.8817 0.7012 33
    0.2000 -118.3539   21.8075 0.6955 33
    0.2000 -118.4352   21.7244 0.6890 33
    0.2000 -118.5705   21.5864 0.6783 33
    0.2000 -118.6507   21.5050 0.6718 33
    0.2000 -118.7307   21.4238 0.6653 33
    0.2000 -118.8555   21.2978 0.6550 33
    0.2000 -118.9350   21.2184 0.6484 33
    0.2000 -119.0154   21.1388 0.6417 33
    0.2000 -119.1424   21.0149 0.6312 33
    0.2000 -119.2182   20.9420 0.6253 33
    0.2000 -119.2950   20.8682 0.6200 33
    0.2000 -119.4224   20.7466 0.6121 33
    0.2000 -119.5037   20.6705 0.6071 38
    0.2000 -119.5824   20.5983 0.6014 38
    0.2000 -119.6608   20.5267 0.5888 38
