    0.2000  -15.0684   65.5062 0.9824***
    0.2000  -15.2920   65.4596 0.9771***
    0.2000  -15.5220   65.4215 0.9741***
    0.2000  -15.7941   65.4021 0.9684***
    0.2000  -16.0368   65.3870 0.9636***
    0.2000  -16.2837   65.3765 0.9580***
    0.2000  -16.5227   65.3417 0.9503***
    0.2000  -16.7265   65.2815 0.9385***
    0.2000  -16.7727   65.1793 0.9279***
    0.2000  -16.7179   65.0801 0.9204***
    0.2000  -16.6411   64.9803 0.9136***
    0.2000  -16.5433   64.8825 0.9081***
    0.2000  -16.4322   64.7871 0.9025***
    0.2000  -16.3032   64.6885 0.8964***
    0.2000  -16.1674   64.5904 0.8913***
    0.2000  -16.0465   64.5029 0.8866***
    0.2000  -15.9160   64.4084 0.8812***
    0.2000  -15.7911   64.3195 0.8766***
    0.2000  -15.6587   64.2237 0.8706***
    0.2000  -15.5316   64.1299 0.8652***
    0.2000  -15.4146   64.0409 0.8598***
    0.2000  -15.2809   63.9349 0.8536***
    0.2000  -15.1672   63.8381 0.8471***
    0.2000  -15.0680   63.7442 0.8411***
    0.2000  -14.9722   63.6390 0.8340***
    0.2000  -14.8998   63.5397 0.8267***
    0.2000  -14.8446   63.4320 0.8188***
    0.2000  -14.8178   63.3264 0.8105***
    0.2000  -14.8212   63.2198 0.8017***
    0.2000  -14.8499   63.1197 0.7932***
    0.2000  -14.9091   63.0156 0.7839***
    0.2000  -14.9924   62.9124 0.7743***
    0.2000  -15.0940   62.8142 0.7649***
    0.2000  -15.2100   62.7198 0.7555***
    0.2000  -15.3334   62.6309 0.7463***
    0.2000  -15.4629   62.5468 0.7372***
    0.2000  -15.5966   62.4659 0.7281***
    0.2000  -15.7443   62.3822 0.7181***
    0.2000  -15.8992   62.2996 0.7077***
    0.2000  -16.0485   62.2241 0.6975***
    0.2000  -16.2005   62.1513 0.6868***
    0.2000  -16.3576   62.0797 0.6753***
    0.2000  -16.5214   62.0090 0.6625***
    0.2000  -16.6842   61.9419 0.6487***
    0.2000  -16.8481   61.8756 0.6331***
    0.2000  -17.1047   61.7641 0.5888***
