    0.2000  -82.1629  -33.9663 0.9841294
    0.2000  -82.2866  -34.0186 0.9828294
    0.2000  -82.3995  -34.0846 0.9825294
    0.2000  -82.5115  -34.1437 0.9826294
    0.2000  -82.6203  -34.1938 0.9812294
    0.2000  -82.7462  -34.2501 0.9805294
    0.2000  -82.8534  -34.3128 0.9813294
    0.2000  -82.9724  -34.3673 0.9795294
    0.2000  -83.0928  -34.4181 0.9790294
    0.2000  -83.2209  -34.4925 0.9784294
    0.2000  -83.3416  -34.5486 0.9777294
    0.2000  -83.4838  -34.6054 0.9758294
    0.2000  -83.6044  -34.6768 0.9754294
    0.2000  -83.7214  -34.7258 0.9750294
    0.2000  -83.8190  -34.7873 0.9752294
    0.2000  -83.9408  -34.8382 0.9720294
    0.2000  -84.0599  -34.9077 0.9729294
    0.2000  -84.2141  -34.9735 0.9714294
    0.2000  -84.3390  -35.0458 0.9713294
    0.2000  -84.4558  -35.1037 0.9703294
    0.2000  -84.5919  -35.1713 0.9696294
    0.2000  -84.7735  -35.2748 0.9677294
    0.2000  -84.9134  -35.3242 0.9682126
    0.2000  -85.0647  -35.4032 0.9667126
    0.2000  -85.2017  -35.4676 0.9649126
    0.2000  -85.3188  -35.5331 0.9642126
    0.2000  -85.4639  -35.5998 0.9632126
    0.2000  -85.5686  -35.6571 0.9627126
    0.2000  -85.6946  -35.7179 0.9613126
    0.2000  -85.8461  -35.7742 0.9615126
    0.2000  -85.9890  -35.8580 0.9596126
    0.2000  -86.1045  -35.8995 0.9595126
    0.2000  -86.2324  -35.9733 0.9575126
    0.2000  -86.3478  -36.0231 0.9567126
    0.2000  -86.5135  -36.0896 0.9567126
    0.2000  -86.6396  -36.1562 0.9548126
    0.2000  -86.7638  -36.2083 0.9537126
    0.2000  -86.8960  -36.2536 0.9529126
    0.2000  -87.0263  -36.3074 0.9522126
    0.2000  -87.1442  -36.3578 0.9518126
    0.2000  -87.3143  -36.4239 0.9499126
    0.2000  -87.4735  -36.5075 0.9465126
    0.2000  -87.6216  -36.5542 0.9457126
    0.2000  -87.7658  -36.6148 0.9441126
    0.2000  -87.9005  -36.6502 0.9438126
    0.2000  -88.0182  -36.7078 0.9420126
    0.2000  -88.1584  -36.7534 0.9408126
    0.2000  -88.2733  -36.8065 0.9384126
    0.2000  -88.3979  -36.8414 0.9382126
    0.2000  -88.5350  -36.8924 0.9353126
    0.2000  -88.7289  -36.9528 0.9334126
    0.2000  -88.8501  -36.9832 0.9323126
    0.2000  -88.9768  -37.0258 0.9305126
    0.2000  -89.1598  -37.0699 0.9292126
    0.2000  -89.3096  -37.1099 0.9273 57
    0.2000  -89.4312  -37.1422 0.9256 57
    0.2000  -89.5954  -37.1736 0.9241 57
    0.2000  -89.7337  -37.1985 0.9228 57
    0.2000  -89.8595  -37.2225 0.9210 57
    0.2000  -90.0351  -37.2557 0.9179 57
    0.2000  -90.1612  -37.2734 0.9167 57
    0.2000  -90.2963  -37.2945 0.9150 57
    0.2000  -90.4786  -37.3166 0.9132 57
    0.2000  -90.6205  -37.3334 0.9115 57
    0.2000  -90.7738  -37.3511 0.9096 57
    0.2000  -90.9273  -37.3635 0.9078 57
    0.2000  -91.0686  -37.3756 0.9058 57
    0.2000  -91.2059  -37.3809 0.9042 57
    0.2000  -91.3384  -37.3815 0.9031 57
    0.2000  -91.5432  -37.3801 0.9001 57
    0.2000  -91.6959  -37.3713 0.8984 34
    0.2000  -91.8376  -37.3615 0.8947 34
    0.2000  -91.9755  -37.3482 0.8925 34
    0.2000  -92.1146  -37.3336 0.8900 34
    0.2000  -92.2696  -37.3122 0.8876 34
    0.2000  -92.4250  -37.2883 0.8848 34
    0.2000  -92.5886  -37.2591 0.8816 34
    0.2000  -92.7320  -37.2287 0.8790 34
    0.2000  -92.8758  -37.1946 0.8757 34
    0.2000  -93.0008  -37.1607 0.8731 32
    0.2000  -93.1352  -37.1226 0.8700 32
    0.2000  -93.2597  -37.0843 0.8674 32
    0.2000  -93.3860  -37.0434 0.8645 32
    0.2000  -93.5054  -37.0026 0.8615 32
    0.2000  -93.6231  -36.9598 0.8587 32
    0.2000  -93.8481  -36.8710 0.8530 32
    0.2000  -93.9829  -36.8142 0.8494 31
    0.2000  -94.1127  -36.7578 0.8460 31
    0.2000  -94.2383  -36.7013 0.8429 31
    0.2000  -94.3634  -36.6435 0.8395 31
    0.2000  -94.4857  -36.5854 0.8360 31
    0.2000  -94.6519  -36.5037 0.8312 31
    0.2000  -94.7875  -36.4354 0.8274 29
    0.2000  -94.8988  -36.3787 0.8243 29
    0.2000  -95.0113  -36.3206 0.8210 29
    0.2000  -95.1194  -36.2643 0.8180 29
    0.2000  -95.2278  -36.2073 0.8146 29
    0.2000  -95.3542  -36.1402 0.8108 29
    0.2000  -95.4788  -36.0734 0.8070 28
    0.2000  -95.6021  -36.0071 0.8032 28
    0.2000  -95.7238  -35.9414 0.7995 28
    0.2000  -95.8444  -35.8763 0.7957 28
    0.2000  -96.0033  -35.7902 0.7907 28
    0.2000  -96.1213  -35.7262 0.7869 33
    0.2000  -96.2383  -35.6627 0.7832 33
    0.2000  -96.3545  -35.5996 0.7794 33
    0.2000  -96.4704  -35.5366 0.7757 33
    0.2000  -96.6242  -35.4530 0.7707 33
    0.2000  -96.7394  -35.3904 0.7669 33
    0.2000  -96.8549  -35.3276 0.7631 33
    0.2000  -96.9690  -35.2653 0.7593 33
    0.2000  -97.0839  -35.2026 0.7555 33
    0.2000  -97.2374  -35.1185 0.7504 33
    0.2000  -97.3532  -35.0549 0.7465 33
    0.2000  -97.4687  -34.9914 0.7426 33
    0.2000  -97.5857  -34.9267 0.7387 33
    0.2000  -97.7019  -34.8622 0.7348 33
    0.2000  -97.8589  -34.7743 0.7295 33
    0.2000  -97.9781  -34.7070 0.7254 33
    0.2000  -98.0969  -34.6394 0.7214 33
    0.2000  -98.1975  -34.5817 0.7180 33
    0.2000  -98.2980  -34.5236 0.7145 33
    0.2000  -98.3996  -34.4642 0.7110 33
    0.2000  -98.5010  -34.4043 0.7076 33
    0.2000  -98.6036  -34.3428 0.7040 33
    0.2000  -98.7068  -34.2801 0.7005 33
    0.2000  -98.8114  -34.2156 0.6969 33
    0.2000  -98.9166  -34.1497 0.6932 33
    0.2000  -99.0226  -34.0822 0.6895 33
    0.2000  -99.1728  -33.9845 0.6841 33
    0.2000  -99.2747  -33.9174 0.6806 33
    0.2000  -99.3809  -33.8467 0.6770 33
    0.2000  -99.4903  -33.7729 0.6734 33
    0.2000  -99.5846  -33.7087 0.6703 33
    0.2000  -99.7595  -33.5875 0.6646 33
    0.2000  -99.8632  -33.5133 0.6611101
    0.2000  -99.9539  -33.4462 0.6578101
    0.2000 -100.0621  -33.3630 0.6536101
    0.2000 -100.1558  -33.2877 0.6497101
    0.2000 -100.2408  -33.2165 0.6458101
    0.2000 -100.3331  -33.1365 0.6411101
    0.2000 -100.4192  -33.0587 0.6364101
    0.2000 -100.5094  -32.9731 0.6308101
    0.2000 -100.5923  -32.8903 0.6251101
    0.2000 -100.6700  -32.8104 0.6189101
    0.2000 -100.7482  -32.7282 0.6116101
    0.2000 -100.8704  -32.5950 0.5888101
