    0.2000  158.9276  -33.3110 0.9826747
    0.2000  158.9008  -33.4200 0.9805747
    0.2000  158.9234  -33.5572 0.9792747
    0.2000  158.9036  -33.6689 0.9773747
    0.2000  158.9032  -33.7814 0.9756747
    0.2000  158.9056  -33.8985 0.9736747
    0.2000  158.9197  -34.0180 0.9714747
    0.2000  158.9399  -34.1262 0.9693747
    0.2000  158.9748  -34.2231 0.9679747
    0.2000  159.0098  -34.3357 0.9653747
    0.2000  159.0755  -34.4391 0.9636747
    0.2000  159.1211  -34.5573 0.9613747
    0.2000  159.1646  -34.6630 0.9586747
    0.2000  159.2133  -34.7664 0.9566747
    0.2000  159.2574  -34.8713 0.9530747
    0.2000  159.3060  -34.9668 0.9498747
    0.2000  159.3893  -35.0595 0.9459747
    0.2000  159.4513  -35.1481 0.9422747
    0.2000  159.5315  -35.2427 0.9376747
    0.2000  159.6119  -35.3343 0.9323747
    0.2000  159.6935  -35.4238 0.9271747
    0.2000  159.7846  -35.5044 0.9217747
    0.2000  159.8768  -35.5795 0.9152747
    0.2000  160.0611  -35.6946 0.9055747
    0.2000  160.1908  -35.7334 0.8979 61
    0.2000  160.3235  -35.7187 0.8892 61
    0.2000  160.4529  -35.7014 0.8820 61
    0.2000  160.5793  -35.6770 0.8760 61
    0.2000  160.7001  -35.6352 0.8703 61
    0.2000  160.8268  -35.5900 0.8644 61
    0.2000  160.9399  -35.5482 0.8592 61
    0.2000  161.0605  -35.5021 0.8537 61
    0.2000  161.2456  -35.4280 0.8463 61
    0.2000  161.3660  -35.3812 0.8421 62
    0.2000  161.4876  -35.3351 0.8385 62
    0.2000  161.6093  -35.2900 0.8352 62
    0.2000  161.7372  -35.2435 0.8317 62
    0.2000  161.8658  -35.1967 0.8282 62
    0.2000  161.9862  -35.1530 0.8255 62
    0.2000  162.1186  -35.1054 0.8224 62
    0.2000  162.2569  -35.0562 0.8192 62
    0.2000  162.3888  -35.0096 0.8165 62
    0.2000  162.5055  -34.9697 0.8140 62
    0.2000  162.6351  -34.9256 0.8114 62
    0.2000  162.7703  -34.8806 0.8086 62
    0.2000  162.9011  -34.8370 0.8060 62
    0.2000  163.0377  -34.7926 0.8035 62
    0.2000  163.1789  -34.7477 0.8008 62
    0.2000  163.3131  -34.7050 0.7986 62
    0.2000  163.4477  -34.6628 0.7965 43
    0.2000  163.5625  -34.6281 0.7945 43
    0.2000  163.7286  -34.5771 0.7921 43
    0.2000  163.8803  -34.5321 0.7897 43
    0.2000  164.0222  -34.4901 0.7875 43
    0.2000  164.1498  -34.4520 0.7858 43
    0.2000  164.3029  -34.4072 0.7836 43
    0.2000  164.4511  -34.3639 0.7816 43
    0.2000  164.5913  -34.3227 0.7797 43
    0.2000  164.7253  -34.2830 0.7781 43
    0.2000  164.8672  -34.2416 0.7763 43
    0.2000  164.9969  -34.2029 0.7748 43
    0.2000  165.1383  -34.1614 0.7730 43
    0.2000  165.2744  -34.1210 0.7714 43
    0.2000  165.4126  -34.0799 0.7698 43
    0.2000  165.5493  -34.0390 0.7684 43
    0.2000  165.6922  -33.9962 0.7668 36
    0.2000  165.8233  -33.9564 0.7655 36
    0.2000  165.9695  -33.9121 0.7637 36
    0.2000  166.1035  -33.8711 0.7624 36
    0.2000  166.2413  -33.8287 0.7611 36
    0.2000  166.3783  -33.7862 0.7594 36
    0.2000  166.5131  -33.7438 0.7582 36
    0.2000  166.6604  -33.6971 0.7567 36
    0.2000  166.7927  -33.6543 0.7556 36
    0.2000  166.9305  -33.6093 0.7541 36
    0.2000  167.0529  -33.5688 0.7531 36
    0.2000  167.1917  -33.5219 0.7519 36
    0.2000  167.3143  -33.4796 0.7508 36
    0.2000  167.4344  -33.4368 0.7497 36
    0.2000  167.5567  -33.3926 0.7486 36
    0.2000  167.6808  -33.3475 0.7475 36
    0.2000  167.8045  -33.3022 0.7465 33
    0.2000  167.9314  -33.2556 0.7453 33
    0.2000  168.0509  -33.2111 0.7443 33
    0.2000  168.1790  -33.1633 0.7432 33
    0.2000  168.2938  -33.1199 0.7421 33
    0.2000  168.4135  -33.0745 0.7414 33
    0.2000  168.5419  -33.0254 0.7401 33
    0.2000  168.6603  -32.9797 0.7391 33
    0.2000  168.7829  -32.9321 0.7381 33
    0.2000  168.8923  -32.8892 0.7373 33
    0.2000  169.0183  -32.8393 0.7363 33
    0.2000  169.1808  -32.7741 0.7352 33
    0.2000  169.3056  -32.7232 0.7343 33
    0.2000  169.4583  -32.6600 0.7331 33
    0.2000  169.5662  -32.6138 0.7323 33
    0.2000  169.6743  -32.5668 0.7313 32
    0.2000  169.7812  -32.5201 0.7304 32
    0.2000  169.9404  -32.4501 0.7292 32
    0.2000  170.0918  -32.3828 0.7281 32
    0.2000  170.1977  -32.3354 0.7273 32
    0.2000  170.3491  -32.2671 0.7262 32
    0.2000  170.4536  -32.2196 0.7253 32
    0.2000  170.6039  -32.1507 0.7242 32
    0.2000  170.7600  -32.0782 0.7231 32
    0.2000  170.9058  -32.0100 0.7220 32
    0.2000  171.0485  -31.9423 0.7210 32
    0.2000  171.1850  -31.8769 0.7201 32
    0.2000  171.3266  -31.8071 0.7189 33
    0.2000  171.4592  -31.7394 0.7178 33
    0.2000  171.5928  -31.6701 0.7167 33
    0.2000  171.7208  -31.6033 0.7157 33
    0.2000  171.8504  -31.5348 0.7146 33
    0.2000  171.9781  -31.4668 0.7136 33
    0.2000  172.1036  -31.3991 0.7125 33
    0.2000  172.2308  -31.3300 0.7115 33
    0.2000  172.3554  -31.2614 0.7105 33
    0.2000  172.5613  -31.1464 0.7088 33
    0.2000  172.6846  -31.0764 0.7078 25
    0.2000  172.7954  -31.0132 0.7070 25
    0.2000  172.9461  -30.9228 0.7056 25
    0.2000  173.0918  -30.8323 0.7042 25
    0.2000  173.2003  -30.7644 0.7032 25
    0.2000  173.3068  -30.6974 0.7022 25
    0.2000  173.4173  -30.6270 0.7010 25
    0.2000  173.5217  -30.5605 0.7001 25
    0.2000  173.7339  -30.4233 0.6979 25
    0.2000  173.8391  -30.3545 0.6969 28
    0.2000  173.9396  -30.2884 0.6961 28
    0.2000  174.0768  -30.1965 0.6946 28
    0.2000  174.2080  -30.1063 0.6934 28
    0.2000  174.3023  -30.0382 0.6923 28
    0.2000  174.3961  -29.9697 0.6912 28
    0.2000  174.4900  -29.9006 0.6901 28
    0.2000  174.5835  -29.8313 0.6890 28
    0.2000  174.6757  -29.7628 0.6880 28
    0.2000  174.7678  -29.6937 0.6870 28
    0.2000  174.8615  -29.6224 0.6858 33
    0.2000  174.9519  -29.5537 0.6848 33
    0.2000  175.0439  -29.4829 0.6837 33
    0.2000  175.1349  -29.4123 0.6827 33
    0.2000  175.2269  -29.3398 0.6815 33
    0.2000  175.3129  -29.2714 0.6806 33
    0.2000  175.3994  -29.2004 0.6794 33
    0.2000  175.4831  -29.1295 0.6783 33
    0.2000  175.5665  -29.0583 0.6772 33
    0.2000  175.7058  -28.9387 0.6751 33
    0.2000  175.7893  -28.8666 0.6740 33
    0.2000  175.8725  -28.7944 0.6729 33
    0.2000  175.9558  -28.7216 0.6718 33
    0.2000  176.0395  -28.6481 0.6707 33
    0.2000  176.1223  -28.5749 0.6695 33
    0.2000  176.2069  -28.4992 0.6682 33
    0.2000  176.2883  -28.4260 0.6671 33
    0.2000  176.3685  -28.3524 0.6660 33
    0.2000  176.4486  -28.2770 0.6648 33
    0.2000  176.5793  -28.1497 0.6628 33
    0.2000  176.6575  -28.0726 0.6616 33
    0.2000  176.7358  -27.9951 0.6604 33
    0.2000  176.8141  -27.9173 0.6592 33
    0.2000  176.8924  -27.8392 0.6580 33
    0.2000  176.9708  -27.7607 0.6567 33
    0.2000  177.0500  -27.6811 0.6555 33
    0.2000  177.1290  -27.6013 0.6542 33
    0.2000  177.2067  -27.5222 0.6529 33
    0.2000  177.2853  -27.4408 0.6516 33
    0.2000  177.4104  -27.3084 0.6497 33
    0.2000  177.4859  -27.2258 0.6484 33
    0.2000  177.5606  -27.1408 0.6472 33
    0.2000  177.6351  -27.0543 0.6459 33
    0.2000  177.7097  -26.9672 0.6446 33
    0.2000  177.7845  -26.8797 0.6433 33
    0.2000  177.8595  -26.7916 0.6421 33
    0.2000  177.9348  -26.7028 0.6408 33
    0.2000  178.0103  -26.6134 0.6395 33
    0.2000  178.0860  -26.5233 0.6381 33
    0.2000  178.2100  -26.3719 0.6359 33
    0.2000  178.2830  -26.2801 0.6346 33
    0.2000  178.3548  -26.1879 0.6333 33
    0.2000  178.4262  -26.0941 0.6319 33
    0.2000  178.4976  -25.9984 0.6306 33
    0.2000  178.5688  -25.9002 0.6293 33
    0.2000  178.6412  -25.7969 0.6279 33
    0.2000  178.7142  -25.6918 0.6266 33
    0.2000  178.7877  -25.5856 0.6252 33
    0.2000  178.8621  -25.4777 0.6238 33
    0.2000  178.9861  -25.2970 0.6215 33
    0.2000  179.0656  -25.1812 0.6201 26
    0.2000  179.1474  -25.0623 0.6187 26
    0.2000  179.2318  -24.9400 0.6173 26
    0.2000  179.2978  -24.8449 0.6162 26
    0.2000  179.3656  -24.7472 0.6152 26
    0.2000  179.4359  -24.6464 0.6141 26
    0.2000  179.5081  -24.5429 0.6131 26
    0.2000  179.5831  -24.4357 0.6121 26
    0.2000  179.7132  -24.2496 0.6104 26
    0.2000  179.7724  -24.1646 0.6096 44
    0.2000  179.8580  -24.0411 0.6084 44
    0.2000  179.9393  -23.9230 0.6071 44
    0.2000 -179.9823  -23.8082 0.6058 44
    0.2000 -179.9088  -23.6995 0.6045 44
    0.2000 -179.8415  -23.5987 0.6031 44
    0.2000 -179.7806  -23.5064 0.6016 44
    0.2000 -179.7113  -23.4004 0.5996 44
    0.2000 -179.6544  -23.3128 0.5975 44
    0.2000 -179.5580  -23.1650 0.5888 44
