    0.2000 -140.1543  -29.0773 0.9818263
    0.2000 -140.0206  -29.0938 0.9793263
    0.2000 -139.8846  -29.0899 0.9766263
    0.2000 -139.7657  -29.0751 0.9746263
    0.2000 -139.5778  -29.0272 0.9709263
    0.2000 -139.4447  -29.0287 0.9646504
    0.2000 -139.3321  -28.9719 0.9619504
    0.2000 -139.2154  -28.9134 0.9575504
    0.2000 -139.1093  -28.8590 0.9524504
    0.2000 -139.0143  -28.7898 0.9450504
    0.2000 -138.9440  -28.7090 0.9399504
    0.2000 -138.8771  -28.6168 0.9361504
    0.2000 -138.7917  -28.5154 0.9268504
    0.2000 -138.7307  -28.4228 0.9217504
    0.2000 -138.6810  -28.3295 0.9167504
    0.2000 -138.6343  -28.2355 0.9123504
    0.2000 -138.5898  -28.1357 0.9080504
    0.2000 -138.5500  -28.0337 0.9038504
    0.2000 -138.5126  -27.9213 0.9010504
    0.2000 -138.4819  -27.8065 0.8958504
    0.2000 -138.4515  -27.6913 0.8924504
    0.2000 -138.4245  -27.5809 0.8892504
    0.2000 -138.4010  -27.4712 0.8860504
    0.2000 -138.3789  -27.3481 0.8815504
    0.2000 -138.3625  -27.2480 0.8788504
    0.2000 -138.3481  -27.1485 0.8760504
    0.2000 -138.3337  -27.0350 0.8716504
    0.2000 -138.3203  -26.9252 0.8681504
    0.2000 -138.3107  -26.8122 0.8642504
    0.2000 -138.3013  -26.7033 0.8610504
    0.2000 -138.2948  -26.5906 0.8567504
    0.2000 -138.2893  -26.4792 0.8530504
    0.2000 -138.2858  -26.3680 0.8487504
    0.2000 -138.2836  -26.2593 0.8449504
    0.2000 -138.2842  -26.1506 0.8407504
    0.2000 -138.2853  -26.0473 0.8366504
    0.2000 -138.2885  -25.9456 0.8327504
    0.2000 -138.2943  -25.8231 0.8273504
    0.2000 -138.3037  -25.7039 0.8218504
    0.2000 -138.3150  -25.5911 0.8165504
    0.2000 -138.3283  -25.4834 0.8114504
    0.2000 -138.3448  -25.3783 0.8059504
    0.2000 -138.3641  -25.2761 0.8004504
    0.2000 -138.3859  -25.1780 0.7949504
    0.2000 -138.4161  -25.0647 0.7880504
    0.2000 -138.4509  -24.9540 0.7809504
    0.2000 -138.4896  -24.8487 0.7738504
    0.2000 -138.5320  -24.7476 0.7665504
    0.2000 -138.5753  -24.6554 0.7594504
    0.2000 -138.6262  -24.5580 0.7517504
    0.2000 -138.6808  -24.4632 0.7439504
    0.2000 -138.7396  -24.3704 0.7360504
    0.2000 -138.8031  -24.2783 0.7279504
    0.2000 -138.8684  -24.1908 0.7200504
    0.2000 -138.9349  -24.1076 0.7123504
    0.2000 -139.0027  -24.0273 0.7048504
    0.2000 -139.0823  -23.9383 0.6962504
    0.2000 -139.1605  -23.8545 0.6881504
    0.2000 -139.2378  -23.7741 0.6801504
    0.2000 -139.3162  -23.6943 0.6722504
    0.2000 -139.3950  -23.6156 0.6641504
    0.2000 -139.4733  -23.5391 0.6560504
    0.2000 -139.5501  -23.4651 0.6478504
    0.2000 -139.6311  -23.3879 0.6388504
    0.2000 -139.7119  -23.3114 0.6292504
    0.2000 -139.7897  -23.2381 0.6188504
    0.2000 -139.9117  -23.1230 0.5888504
