    0.2000    0.9107  -52.1735 0.9802***
    0.2000    1.0073  -52.2638 0.9757***
    0.2000    1.1230  -52.3513 0.9702***
    0.2000    1.2134  -52.4472 0.9630***
    0.2000    1.3856  -52.4480 0.9628***
    0.2000    1.5364  -52.5013 0.9592***
    0.2000    1.6965  -52.5575 0.9540***
    0.2000    1.8461  -52.6038 0.9500***
    0.2000    2.0282  -52.6289 0.9455***
    0.2000    2.2131  -52.6459 0.9432***
    0.2000    2.3880  -52.6618 0.9403***
    0.2000    2.5797  -52.6867 0.9351***
    0.2000    2.7532  -52.6922 0.9330***
    0.2000    2.9231  -52.7098 0.9284***
    0.2000    3.1074  -52.7136 0.9264***
    0.2000    3.3132  -52.7087 0.9248***
    0.2000    3.4818  -52.7156 0.9214***
    0.2000    3.6685  -52.7085 0.9199***
    0.2000    3.8845  -52.7079 0.9160***
    0.2000    4.0643  -52.7015 0.9142***
    0.2000    4.2417  -52.6921 0.9128***
    0.2000    4.4116  -52.6874 0.9106***
    0.2000    4.5779  -52.6800 0.9089***
    0.2000    4.7765  -52.6650 0.9076***
    0.2000    4.9638  -52.6589 0.9049***
    0.2000    5.1895  -52.6393 0.9030***
    0.2000    5.4388  -52.6197 0.9005***
    0.2000    5.6058  -52.6029 0.8982***
    0.2000    5.8504  -52.5770 0.8952***
    0.2000    6.0276  -52.5598 0.8932***
    0.2000    6.2351  -52.5361 0.8907***
    0.2000    6.4201  -52.5113 0.8890***
    0.2000    6.6329  -52.4829 0.8867***
    0.2000    6.8480  -52.4531 0.8842***
    0.2000    7.0361  -52.4250 0.8822***
    0.2000    7.2150  -52.3955 0.8802***
    0.2000    7.4138  -52.3617 0.8781***
    0.2000    7.6016  -52.3276 0.8758***
    0.2000    7.7899  -52.2939 0.8731***
    0.2000    7.9591  -52.2595 0.8712***
    0.2000    8.1353  -52.2227 0.8692***
    0.2000    8.3108  -52.1849 0.8671***
    0.2000    8.4731  -52.1479 0.8652***
    0.2000    8.6396  -52.1098 0.8629***
    0.2000    8.8014  -52.0704 0.8609***
    0.2000    8.9643  -52.0294 0.8589***
    0.2000    9.1702  -51.9752 0.8561***
    0.2000    9.3703  -51.9197 0.8535***
    0.2000    9.5665  -51.8633 0.8508***
    0.2000    9.7589  -51.8061 0.8481***
    0.2000    9.9456  -51.7486 0.8456***
    0.2000   10.1307  -51.6899 0.8430***
    0.2000   10.3111  -51.6306 0.8406***
    0.2000   10.4881  -51.5708 0.8380***
    0.2000   10.6617  -51.5103 0.8354***
    0.2000   10.8283  -51.4499 0.8330***
    0.2000   10.9951  -51.3879 0.8305***
    0.2000   11.1620  -51.3244 0.8279***
    0.2000   11.3209  -51.2621 0.8255***
    0.2000   11.4784  -51.1993 0.8231***
    0.2000   11.6350  -51.1354 0.8206***
    0.2000   11.7864  -51.0721 0.8181***
    0.2000   11.9344  -51.0088 0.8158***
    0.2000   12.0786  -50.9457 0.8134***
    0.2000   12.2192  -50.8829 0.8110***
    0.2000   12.3554  -50.8206 0.8086***
    0.2000   12.4887  -50.7584 0.8063***
    0.2000   12.6186  -50.6966 0.8040***
    0.2000   12.7457  -50.6351 0.8017***
    0.2000   12.8721  -50.5728 0.7994***
    0.2000   12.9962  -50.5104 0.7971***
    0.2000   13.1188  -50.4477 0.7948***
    0.2000   13.2908  -50.3575 0.7915***
    0.2000   13.4403  -50.2767 0.7885***
    0.2000   13.5849  -50.1966 0.7855***
    0.2000   13.7456  -50.1054 0.7821***
    0.2000   13.8833  -50.0252 0.7792***
    0.2000   14.0176  -49.9454 0.7763***
    0.2000   14.1654  -49.8553 0.7729***
    0.2000   14.2898  -49.7777 0.7701***
    0.2000   14.4125  -49.6993 0.7672***
    0.2000   14.5471  -49.6112 0.7640***
    0.2000   14.6630  -49.5335 0.7611***
    0.2000   14.7770  -49.4557 0.7582***
    0.2000   14.9013  -49.3689 0.7550***
    0.2000   15.0095  -49.2919 0.7522***
    0.2000   15.1153  -49.2152 0.7493***
    0.2000   15.2307  -49.1296 0.7461***
    0.2000   15.3311  -49.0535 0.7433***
    0.2000   15.4608  -48.9529 0.7396***
    0.2000   15.5770  -48.8609 0.7361***
    0.2000   15.6818  -48.7762 0.7329***
    0.2000   15.7914  -48.6858 0.7295***
    0.2000   15.8900  -48.6029 0.7264***
    0.2000   15.9946  -48.5132 0.7231***
    0.2000   16.0888  -48.4307 0.7199***
    0.2000   16.1872  -48.3426 0.7166***
    0.2000   16.2774  -48.2605 0.7135***
    0.2000   16.3715  -48.1732 0.7102***
    0.2000   16.4719  -48.0781 0.7066***
    0.2000   16.5700  -47.9833 0.7029***
    0.2000   16.6551  -47.8994 0.6997***
    0.2000   16.7612  -47.7924 0.6957***
    0.2000   16.8634  -47.6871 0.6916***
    0.2000   16.9478  -47.5983 0.6882***
    0.2000   17.0293  -47.5110 0.6848***
    0.2000   17.1216  -47.4102 0.6809***
    0.2000   17.2095  -47.3120 0.6771***
    0.2000   17.2939  -47.2157 0.6733***
    0.2000   17.3754  -47.1207 0.6696***
    0.2000   17.4542  -47.0271 0.6658***
    0.2000   17.5292  -46.9364 0.6622***
    0.2000   17.6010  -46.8478 0.6587***
    0.2000   17.6884  -46.7372 0.6542***
    0.2000   17.7671  -46.6352 0.6500***
    0.2000   17.8449  -46.5317 0.6456***
    0.2000   17.9152  -46.4362 0.6415***
    0.2000   17.9836  -46.3409 0.6374***
    0.2000   18.0582  -46.2342 0.6327***
    0.2000   18.1269  -46.1332 0.6280***
    0.2000   18.1903  -46.0382 0.6235***
    0.2000   18.2567  -45.9374 0.6183***
    0.2000   18.3182  -45.8429 0.6132***
    0.2000   18.3787  -45.7487 0.6076***
    0.2000   18.4843  -45.5811 0.5888***
