    0.2000  -80.0825  -26.1156 0.9840339
    0.2000  -80.2047  -26.1485 0.9821339
    0.2000  -80.3364  -26.1826 0.9809339
    0.2000  -80.4695  -26.2233 0.9798339
    0.2000  -80.6001  -26.2583 0.9775339
    0.2000  -80.7159  -26.2826 0.9765339
    0.2000  -80.8270  -26.3201 0.9764339
    0.2000  -80.9503  -26.3506 0.9737339
    0.2000  -81.0879  -26.3795 0.9712339
    0.2000  -81.2080  -26.4107 0.9697339
    0.2000  -81.3167  -26.4383 0.9698339
    0.2000  -81.4239  -26.4673 0.9681339
    0.2000  -81.5743  -26.5001 0.9645138
    0.2000  -81.7179  -26.5348 0.9627138
    0.2000  -81.8268  -26.5575 0.9598138
    0.2000  -81.9811  -26.6078 0.9592138
    0.2000  -82.1213  -26.6441 0.9567138
    0.2000  -82.2327  -26.6716 0.9538138
    0.2000  -82.3445  -26.7072 0.9522138
    0.2000  -82.4876  -26.7526 0.9512138
    0.2000  -82.6147  -26.7924 0.9495138
    0.2000  -82.7259  -26.8353 0.9478138
    0.2000  -82.8515  -26.8725 0.9448138
    0.2000  -82.9604  -26.9096 0.9437138
    0.2000  -83.1168  -26.9640 0.9417138
    0.2000  -83.2422  -27.0059 0.9390138
    0.2000  -83.3670  -27.0452 0.9352138
    0.2000  -83.4764  -27.0942 0.9352138
    0.2000  -83.6011  -27.1373 0.9330138
    0.2000  -83.7242  -27.1857 0.9316138
    0.2000  -83.8358  -27.2256 0.9297138
    0.2000  -83.9601  -27.2735 0.9293138
    0.2000  -84.1048  -27.3269 0.9266138
    0.2000  -84.2360  -27.3781 0.9246138
    0.2000  -84.3425  -27.4275 0.9248138
    0.2000  -84.4542  -27.4710 0.9231138
    0.2000  -84.5884  -27.5235 0.9220138
    0.2000  -84.7122  -27.5728 0.9214138
    0.2000  -84.8270  -27.6192 0.9199138
    0.2000  -84.9788  -27.6848 0.9184138
    0.2000  -85.0849  -27.7319 0.9178138
    0.2000  -85.2131  -27.7851 0.9168138
    0.2000  -85.3599  -27.8478 0.9158138
    0.2000  -85.4899  -27.9015 0.9147138
    0.2000  -85.6542  -27.9676 0.9132138
    0.2000  -85.8211  -28.0360 0.9118138
    0.2000  -85.9414  -28.0915 0.9113138
    0.2000  -86.0581  -28.1395 0.9103138
    0.2000  -86.1822  -28.1917 0.9094138
    0.2000  -86.3017  -28.2493 0.9091138
    0.2000  -86.4112  -28.2962 0.9083138
    0.2000  -86.6038  -28.3831 0.9074138
    0.2000  -86.7249  -28.4337 0.9062 44
    0.2000  -86.8289  -28.4845 0.9061 44
    0.2000  -86.9528  -28.5348 0.9046 44
    0.2000  -87.0724  -28.5875 0.9038 44
    0.2000  -87.2211  -28.6558 0.9030 44
    0.2000  -87.3434  -28.7106 0.9020 44
    0.2000  -87.4470  -28.7583 0.9015 44
    0.2000  -87.5518  -28.8065 0.9009 44
    0.2000  -87.6544  -28.8555 0.9008 44
    0.2000  -87.7932  -28.9162 0.8994 44
    0.2000  -87.9319  -28.9828 0.8986 44
    0.2000  -88.0624  -29.0416 0.8974 44
    0.2000  -88.1968  -29.1036 0.8962 44
    0.2000  -88.3216  -29.1598 0.8952 44
    0.2000  -88.4382  -29.2127 0.8944 44
    0.2000  -88.5412  -29.2590 0.8936 44
    0.2000  -88.6683  -29.3149 0.8926 44
    0.2000  -88.8301  -29.3858 0.8914 44
    0.2000  -88.9553  -29.4385 0.8902 29
    0.2000  -89.0924  -29.4968 0.8891 29
    0.2000  -89.2343  -29.5560 0.8880 29
    0.2000  -89.3911  -29.6194 0.8865 29
    0.2000  -89.5159  -29.6693 0.8854 29
    0.2000  -89.6233  -29.7111 0.8843 29
    0.2000  -89.7510  -29.7599 0.8831 29
    0.2000  -89.8810  -29.8079 0.8815 29
    0.2000  -90.0405  -29.8654 0.8800 29
    0.2000  -90.1623  -29.9075 0.8784 29
    0.2000  -90.2825  -29.9475 0.8770 29
    0.2000  -90.4332  -29.9953 0.8752 22
    0.2000  -90.5712  -30.0365 0.8730 22
    0.2000  -90.7182  -30.0782 0.8709 22
    0.2000  -90.8614  -30.1165 0.8689 22
    0.2000  -90.9988  -30.1509 0.8669 22
    0.2000  -91.1231  -30.1798 0.8652 22
    0.2000  -91.2510  -30.2076 0.8632 22
    0.2000  -91.3795  -30.2335 0.8612 22
    0.2000  -91.4956  -30.2544 0.8595 20
    0.2000  -91.6148  -30.2739 0.8573 20
    0.2000  -91.7328  -30.2910 0.8553 20
    0.2000  -91.8961  -30.3109 0.8523 20
    0.2000  -92.0575  -30.3275 0.8492 20
    0.2000  -92.2637  -30.3439 0.8453 20
    0.2000  -92.4153  -30.3523 0.8424 17
    0.2000  -92.5611  -30.3573 0.8393 17
    0.2000  -92.7013  -30.3592 0.8364 17
    0.2000  -92.8393  -30.3585 0.8334 17
    0.2000  -93.0180  -30.3540 0.8292 17
    0.2000  -93.1481  -30.3486 0.8262 17
    0.2000  -93.2753  -30.3414 0.8232 17
    0.2000  -93.4012  -30.3326 0.8202 17
    0.2000  -93.5252  -30.3221 0.8171 17
    0.2000  -93.6860  -30.3063 0.8132 17
    0.2000  -93.8062  -30.2929 0.8100 26
    0.2000  -93.9236  -30.2784 0.8069 26
    0.2000  -94.0405  -30.2626 0.8038 26
    0.2000  -94.1568  -30.2457 0.8007 26
    0.2000  -94.3109  -30.2213 0.7965 26
    0.2000  -94.4260  -30.2018 0.7934 33
    0.2000  -94.5409  -30.1812 0.7902 33
    0.2000  -94.6545  -30.1597 0.7870 33
    0.2000  -94.7681  -30.1368 0.7838 33
    0.2000  -94.9205  -30.1044 0.7794 33
    0.2000  -95.0348  -30.0789 0.7762 33
    0.2000  -95.1502  -30.0521 0.7728 33
    0.2000  -95.2641  -30.0246 0.7696 33
    0.2000  -95.3792  -29.9956 0.7662 33
    0.2000  -95.5339  -29.9546 0.7617 33
    0.2000  -95.6504  -29.9225 0.7582 33
    0.2000  -95.7675  -29.8892 0.7548 33
    0.2000  -95.8863  -29.8544 0.7513 33
    0.2000  -96.0053  -29.8185 0.7478 33
    0.2000  -96.1646  -29.7684 0.7430 33
    0.2000  -96.2847  -29.7291 0.7394 33
    0.2000  -96.4065  -29.6882 0.7358 33
    0.2000  -96.5298  -29.6457 0.7320 33
    0.2000  -96.6534  -29.6020 0.7283 33
    0.2000  -96.8207  -29.5409 0.7231 33
    0.2000  -96.9465  -29.4934 0.7193 33
    0.2000  -97.0536  -29.4518 0.7159 33
    0.2000  -97.1611  -29.4092 0.7125 33
    0.2000  -97.2687  -29.3657 0.7092 33
    0.2000  -97.3787  -29.3203 0.7057 33
    0.2000  -97.5113  -29.2642 0.7014 33
    0.2000  -97.6163  -29.2191 0.6981 31
    0.2000  -97.7251  -29.1717 0.6947 31
    0.2000  -97.8379  -29.1220 0.6913 31
    0.2000  -97.9532  -29.0706 0.6878 31
    0.2000  -98.1136  -28.9980 0.6829 31
    0.2000  -98.2160  -28.9504 0.6797132
    0.2000  -98.3351  -28.8934 0.6758132
    0.2000  -98.4537  -28.8346 0.6715132
    0.2000  -98.5599  -28.7801 0.6675132
    0.2000  -98.6600  -28.7269 0.6633132
    0.2000  -98.7704  -28.6661 0.6584132
    0.2000  -98.8822  -28.6022 0.6530132
    0.2000  -98.9918  -28.5369 0.6471132
    0.2000  -99.0875  -28.4777 0.6414132
    0.2000  -99.1806  -28.4179 0.6352132
    0.2000  -99.2715  -28.3568 0.6285132
    0.2000  -99.3670  -28.2906 0.6203132
    0.2000  -99.4582  -28.2262 0.6108132
    0.2000  -99.5599  -28.1533 0.5888132
