    0.2000 -110.7716   18.5639 0.9819197
    0.2000 -110.6532   18.4244 0.9791197
    0.2000 -110.5812   18.3393 0.9759132
    0.2000 -110.5318   18.2507 0.9729132
    0.2000 -110.5063   18.1287 0.9699132
    0.2000 -110.4629   18.0310 0.9652132
    0.2000 -110.4516   17.9179 0.9612132
    0.2000 -110.4827   17.8090 0.9575132
    0.2000 -110.5048   17.6903 0.9521132
    0.2000 -110.5625   17.6068 0.9488132
    0.2000 -110.6388   17.5248 0.9445132
    0.2000 -110.7289   17.4351 0.9396132
    0.2000 -110.8035   17.3597 0.9348132
    0.2000 -110.8929   17.2924 0.9317132
    0.2000 -110.9733   17.2257 0.9269132
    0.2000 -111.0863   17.1516 0.9234132
    0.2000 -111.1861   17.0923 0.9204132
    0.2000 -111.2943   17.0283 0.9169132
    0.2000 -111.3869   16.9777 0.9146132
    0.2000 -111.4883   16.9196 0.9117132
    0.2000 -111.5987   16.8621 0.9090132
    0.2000 -111.7249   16.8025 0.9065132
    0.2000 -111.8244   16.7506 0.9033 45
    0.2000 -111.9397   16.6978 0.9001 45
    0.2000 -112.0524   16.6508 0.8974 45
    0.2000 -112.1659   16.6048 0.8942 45
    0.2000 -112.2707   16.5615 0.8915 45
    0.2000 -112.3843   16.5144 0.8884 45
    0.2000 -112.4955   16.4699 0.8856 45
    0.2000 -112.6140   16.4226 0.8824 45
    0.2000 -112.7243   16.3797 0.8793 45
    0.2000 -112.8355   16.3381 0.8763 45
    0.2000 -112.9857   16.2827 0.8720 45
    0.2000 -113.0917   16.2426 0.8688 33
    0.2000 -113.2121   16.1975 0.8653 33
    0.2000 -113.3384   16.1507 0.8617 33
    0.2000 -113.4584   16.1061 0.8583 33
    0.2000 -113.5782   16.0615 0.8546 33
    0.2000 -113.6863   16.0218 0.8511 33
    0.2000 -113.7985   15.9799 0.8477 33
    0.2000 -113.9281   15.9309 0.8436 33
    0.2000 -114.0276   15.8927 0.8406 33
    0.2000 -114.1326   15.8514 0.8371 33
    0.2000 -114.2494   15.8050 0.8333 33
    0.2000 -114.3623   15.7595 0.8292 33
    0.2000 -114.4705   15.7147 0.8254 33
    0.2000 -114.6594   15.6332 0.8184 33
    0.2000 -114.7588   15.5885 0.8146 33
    0.2000 -114.8525   15.5447 0.8110 33
    0.2000 -114.9603   15.4922 0.8063 33
    0.2000 -115.0633   15.4399 0.8018 33
    0.2000 -115.2259   15.3528 0.7945 33
    0.2000 -115.3184   15.3005 0.7901 33
    0.2000 -115.4194   15.2401 0.7850 33
    0.2000 -115.5163   15.1790 0.7799 33
    0.2000 -115.6735   15.0739 0.7712 33
    0.2000 -115.7600   15.0122 0.7661 33
    0.2000 -115.8419   14.9510 0.7611 33
    0.2000 -115.9324   14.8804 0.7553 33
    0.2000 -116.0411   14.7916 0.7481 33
    0.2000 -116.1240   14.7204 0.7423 33
    0.2000 -116.2037   14.6493 0.7365 33
    0.2000 -116.2816   14.5774 0.7307 33
    0.2000 -116.3566   14.5056 0.7249 33
    0.2000 -116.4289   14.4338 0.7192 33
    0.2000 -116.5081   14.3525 0.7126 33
    0.2000 -116.6342   14.2172 0.7017 33
    0.2000 -116.7058   14.1359 0.6952 33
    0.2000 -116.7750   14.0549 0.6886 33
    0.2000 -116.8793   13.9282 0.6783 33
    0.2000 -116.9416   13.8478 0.6716 33
    0.2000 -117.0086   13.7580 0.6641 33
    0.2000 -117.0913   13.6420 0.6544 33
    0.2000 -117.1486   13.5542 0.6468 33
    0.2000 -117.2033   13.4650 0.6391 33
    0.2000 -117.2640   13.3577 0.6299 33
    0.2000 -117.3111   13.2681 0.6226 33
    0.2000 -117.3620   13.1723 0.6158 33
    0.2000 -117.4106   13.0823 0.6103 33
    0.2000 -117.4637   12.9871 0.6045 34
    0.2000 -117.5444   12.8424 0.5888 34
