    0.2000  155.9771  -39.1975 0.9821273
    0.2000  155.9906  -39.3058 0.9807273
    0.2000  156.0556  -39.3978 0.9808273
    0.2000  156.0775  -39.5213 0.9790273
    0.2000  156.0549  -39.6275 0.9761273
    0.2000  156.0849  -39.7276 0.9745273
    0.2000  156.1419  -39.8292 0.9731273
    0.2000  156.2017  -39.9378 0.9724273
    0.2000  156.2502  -40.0411 0.9707273
    0.2000  156.3138  -40.1765 0.9689273
    0.2000  156.3847  -40.2927 0.9656273
    0.2000  156.4615  -40.4001 0.9638273
    0.2000  156.5431  -40.5180 0.9614273
    0.2000  156.6071  -40.6122 0.9594273
    0.2000  156.6771  -40.7157 0.9572273
    0.2000  156.7509  -40.8215 0.9551273
    0.2000  156.8215  -40.9205 0.9526273
    0.2000  156.8974  -41.0240 0.9512273
    0.2000  156.9695  -41.1269 0.9494273
    0.2000  157.0570  -41.2412 0.9459273
    0.2000  157.1367  -41.3456 0.9432273
    0.2000  157.2181  -41.4457 0.9397273
    0.2000  157.2911  -41.5447 0.9374273
    0.2000  157.3581  -41.6401 0.9349273
    0.2000  157.4371  -41.7495 0.9321273
    0.2000  157.5080  -41.8447 0.9290273
    0.2000  157.5927  -41.9749 0.9262273
    0.2000  157.6577  -42.0781 0.9240273
    0.2000  157.7240  -42.1845 0.9217273
    0.2000  157.7872  -42.2857 0.9202273
    0.2000  157.8532  -42.3849 0.9166273
    0.2000  157.9404  -42.5149 0.9140273
    0.2000  158.0159  -42.6321 0.9120273
    0.2000  158.0759  -42.7296 0.9103273
    0.2000  158.1620  -42.8597 0.9076273
    0.2000  158.2358  -42.9583 0.9062273
    0.2000  158.2958  -43.0526 0.9040273
    0.2000  158.3590  -43.1425 0.9021273
    0.2000  158.4236  -43.2405 0.9008273
    0.2000  158.4917  -43.3438 0.8979273
    0.2000  158.5719  -43.4524 0.8954273
    0.2000  158.6428  -43.5518 0.8930273
    0.2000  158.7151  -43.6428 0.8910273
    0.2000  158.8059  -43.7507 0.8883273
    0.2000  158.8769  -43.8377 0.8859273
    0.2000  158.9777  -43.9408 0.8835273
    0.2000  159.0949  -44.0556 0.8803273
    0.2000  159.2053  -44.1549 0.8769 67
    0.2000  159.3233  -44.2567 0.8730 67
    0.2000  159.4430  -44.3494 0.8696 67
    0.2000  159.5640  -44.4352 0.8663 67
    0.2000  159.6752  -44.5080 0.8633 67
    0.2000  159.8007  -44.5822 0.8602 67
    0.2000  159.9212  -44.6468 0.8571 67
    0.2000  160.0420  -44.7036 0.8540 67
    0.2000  160.1729  -44.7602 0.8508 67
    0.2000  160.2963  -44.8103 0.8479 67
    0.2000  160.4623  -44.8730 0.8441 67
    0.2000  160.6313  -44.9309 0.8404 67
    0.2000  160.7977  -44.9793 0.8369 67
    0.2000  160.9704  -45.0209 0.8333 67
    0.2000  161.1407  -45.0508 0.8298 67
    0.2000  161.3126  -45.0777 0.8265 67
    0.2000  161.4821  -45.1032 0.8234 67
    0.2000  161.7459  -45.1405 0.8186 67
    0.2000  161.9240  -45.1637 0.8155 63
    0.2000  162.1002  -45.1851 0.8125 63
    0.2000  162.2759  -45.2036 0.8095 63
    0.2000  162.4446  -45.2109 0.8066 63
    0.2000  162.6053  -45.2134 0.8039 63
    0.2000  162.7675  -45.2152 0.8013 63
    0.2000  162.9313  -45.2163 0.7987 63
    0.2000  163.0959  -45.2168 0.7961 63
    0.2000  163.2624  -45.2166 0.7935 63
    0.2000  163.4314  -45.2158 0.7910 63
    0.2000  163.6032  -45.2143 0.7885 63
    0.2000  163.7775  -45.2122 0.7859 63
    0.2000  163.9522  -45.2087 0.7835 63
    0.2000  164.1244  -45.2037 0.7812 63
    0.2000  164.2913  -45.1972 0.7788 63
    0.2000  164.4571  -45.1901 0.7767 63
    0.2000  164.6062  -45.1811 0.7746 35
    0.2000  164.7555  -45.1708 0.7726 35
    0.2000  164.9058  -45.1599 0.7705 35
    0.2000  165.0568  -45.1483 0.7685 35
    0.2000  165.2084  -45.1361 0.7665 35
    0.2000  165.3605  -45.1233 0.7643 35
    0.2000  165.5137  -45.1097 0.7624 35
    0.2000  165.6663  -45.0955 0.7605 35
    0.2000  165.8201  -45.0803 0.7585 35
    0.2000  165.9713  -45.0651 0.7566 35
    0.2000  166.1228  -45.0490 0.7547 35
    0.2000  166.2703  -45.0335 0.7529 35
    0.2000  166.4152  -45.0175 0.7512 35
    0.2000  166.5658  -44.9991 0.7493 35
    0.2000  166.8509  -44.9639 0.7458 35
    0.2000  167.0413  -44.9379 0.7434 33
    0.2000  167.2329  -44.9081 0.7408 33
    0.2000  167.4234  -44.8775 0.7384 33
    0.2000  167.6128  -44.8460 0.7360 33
    0.2000  167.8018  -44.8133 0.7336 33
    0.2000  167.9881  -44.7806 0.7312 33
    0.2000  168.1736  -44.7470 0.7288 33
    0.2000  168.3571  -44.7126 0.7265 33
    0.2000  168.5362  -44.6785 0.7242 33
    0.2000  168.8251  -44.6213 0.7206 33
    0.2000  168.9941  -44.5855 0.7184 33
    0.2000  169.1575  -44.5482 0.7162 33
    0.2000  169.3135  -44.5100 0.7140 33
    0.2000  169.4690  -44.4711 0.7118 33
    0.2000  169.6234  -44.4321 0.7097 33
    0.2000  169.7765  -44.3929 0.7077 33
    0.2000  169.9324  -44.3514 0.7054 33
    0.2000  170.0814  -44.3125 0.7035 33
    0.2000  170.2329  -44.2715 0.7014 33
    0.2000  170.4830  -44.2021 0.6978 33
    0.2000  170.6272  -44.1613 0.6958 33
    0.2000  170.7801  -44.1163 0.6938 33
    0.2000  170.9131  -44.0758 0.6919 33
    0.2000  171.0498  -44.0319 0.6899 33
    0.2000  171.1874  -43.9868 0.6878 33
    0.2000  171.3221  -43.9430 0.6860 33
    0.2000  171.4588  -43.8977 0.6840 33
    0.2000  171.5950  -43.8524 0.6821 33
    0.2000  171.7337  -43.8053 0.6800 33
    0.2000  171.9609  -43.7281 0.6768 33
    0.2000  172.0959  -43.6820 0.6749 33
    0.2000  172.2260  -43.6376 0.6731 33
    0.2000  172.3673  -43.5881 0.6710 33
    0.2000  172.5344  -43.5291 0.6688 33
    0.2000  172.6637  -43.4817 0.6669 33
    0.2000  172.7927  -43.4343 0.6650 33
    0.2000  172.9215  -43.3868 0.6633 33
    0.2000  173.0517  -43.3385 0.6614 33
    0.2000  173.1828  -43.2896 0.6595 33
    0.2000  173.3561  -43.2250 0.6571 33
    0.2000  173.4853  -43.1768 0.6553 33
    0.2000  173.6163  -43.1277 0.6533 33
    0.2000  173.7493  -43.0777 0.6516 33
    0.2000  173.8867  -43.0265 0.6498 33
    0.2000  174.0472  -42.9672 0.6476 33
    0.2000  174.1759  -42.9195 0.6458 33
    0.2000  174.3035  -42.8721 0.6441 33
    0.2000  174.4320  -42.8243 0.6424 33
    0.2000  174.5609  -42.7764 0.6406 33
    0.2000  174.7326  -42.7127 0.6384 33
    0.2000  174.8623  -42.6647 0.6367 33
    0.2000  174.9950  -42.6155 0.6349 33
    0.2000  175.1240  -42.5681 0.6333 33
    0.2000  175.2576  -42.5191 0.6315 33
    0.2000  175.3954  -42.4692 0.6297 33
    0.2000  175.5183  -42.4256 0.6281 33
    0.2000  175.6500  -42.3801 0.6265 33
    0.2000  175.7811  -42.3356 0.6250 33
    0.2000  175.9144  -42.2906 0.6232 33
    0.2000  176.1351  -42.2163 0.6206 33
    0.2000  176.2707  -42.1712 0.6189 33
    0.2000  176.4073  -42.1260 0.6173 33
    0.2000  176.5415  -42.0816 0.6158 33
    0.2000  176.6787  -42.0368 0.6142 33
    0.2000  176.8178  -41.9920 0.6126 33
    0.2000  176.9641  -41.9455 0.6110 33
    0.2000  177.0970  -41.9044 0.6094 33
    0.2000  177.2400  -41.8623 0.6078 33
    0.2000  177.3832  -41.8224 0.6063 33
    0.2000  177.6224  -41.7554 0.6039 33
    0.2000  177.7700  -41.7139 0.6023 33
    0.2000  177.9209  -41.6713 0.6008 33
    0.2000  178.0755  -41.6276 0.5993 33
    0.2000  178.2337  -41.5826 0.5978 33
    0.2000  178.3950  -41.5366 0.5963 33
    0.2000  178.5563  -41.4901 0.5949 33
    0.2000  178.7332  -41.4392 0.5933 33
    0.2000  178.8977  -41.3914 0.5920 33
    0.2000  179.0816  -41.3375 0.5905 33
    0.2000  179.2146  -41.2973 0.5896 33
    0.2000  179.4311  -41.2272 0.5886 33
    0.2000  179.5968  -41.1725 0.5886 33
    0.2000  179.7605  -41.1176 0.5886 33
    0.2000  179.9230  -41.0620 0.5887 33
    0.2000 -179.9139  -41.0055 0.5886 33
    0.2000 -179.7580  -40.9500 0.5888 33
    0.2000 -179.6034  -40.8944 0.5887 33
    0.2000 -179.4564  -40.8401 0.5888 33
    0.2000 -179.3069  -40.7848 0.5886 33
    0.2000 -179.1775  -40.7348 0.5887 33
    0.2000 -178.9911  -40.6619 0.5887 33
    0.2000 -179.0045  -40.6665 0.5888  2
