    0.2000   16.9124   20.8560 0.9793496
    0.2000   16.8420   20.7775 0.9755496
    0.2000   16.7629   20.6864 0.9722496
    0.2000   16.7050   20.6009 0.9695496
    0.2000   16.6345   20.5138 0.9662496
    0.2000   16.5881   20.4194 0.9614496
    0.2000   16.5259   20.3316 0.9582496
    0.2000   16.4613   20.2272 0.9544496
    0.2000   16.3825   20.1342 0.9511496
    0.2000   16.3206   20.0430 0.9455496
    0.2000   16.2480   19.9488 0.9415496
    0.2000   16.1647   19.8618 0.9387496
    0.2000   16.0808   19.7657 0.9332496
    0.2000   16.0008   19.6864 0.9305496
    0.2000   15.9262   19.6096 0.9261496
    0.2000   15.8476   19.5407 0.9243496
    0.2000   15.7668   19.4709 0.9224496
    0.2000   15.6769   19.3946 0.9190496
    0.2000   15.5950   19.3304 0.9171496
    0.2000   15.4413   19.2023 0.9130496
    0.2000   15.3595   19.1344 0.9105 82
    0.2000   15.2642   19.0588 0.9085 82
    0.2000   15.1530   18.9751 0.9073 82
    0.2000   15.0318   18.8825 0.9042 82
    0.2000   14.9342   18.8057 0.9030 82
    0.2000   14.8396   18.7370 0.9008 82
    0.2000   14.7347   18.6631 0.9001 82
    0.2000   14.6076   18.5671 0.8981 82
    0.2000   14.5113   18.4967 0.8954 82
    0.2000   14.4135   18.4254 0.8938 82
    0.2000   14.3278   18.3614 0.8924 82
    0.2000   14.2443   18.2968 0.8909 82
    0.2000   14.1549   18.2282 0.8894 82
    0.2000   14.0613   18.1584 0.8874 82
    0.2000   13.9574   18.0745 0.8855 82
    0.2000   13.8672   18.0053 0.8837 82
    0.2000   13.7665   17.9225 0.8815 82
    0.2000   13.6583   17.8311 0.8788 82
    0.2000   13.5705   17.7576 0.8766 82
    0.2000   13.4724   17.6676 0.8741 82
    0.2000   13.3629   17.5692 0.8712 82
    0.2000   13.2475   17.4628 0.8680 82
    0.2000   13.1611   17.3761 0.8657 82
    0.2000   13.0576   17.2731 0.8628 82
    0.2000   12.9668   17.1784 0.8601 82
    0.2000   12.8911   17.0928 0.8578 82
    0.2000   12.7854   16.9687 0.8547 82
    0.2000   12.7043   16.8690 0.8518 59
    0.2000   12.6375   16.7810 0.8497 59
    0.2000   12.5565   16.6764 0.8470 59
    0.2000   12.4879   16.5833 0.8447 59
    0.2000   12.4211   16.4904 0.8424 59
    0.2000   12.3552   16.3967 0.8402 59
    0.2000   12.2913   16.3027 0.8379 59
    0.2000   12.2159   16.1847 0.8351 59
    0.2000   12.1637   16.0965 0.8332 59
    0.2000   12.1075   15.9975 0.8308 59
    0.2000   12.0482   15.8783 0.8281 59
    0.2000   11.9794   15.7349 0.8251 59
    0.2000   11.9267   15.6225 0.8226 59
    0.2000   11.8733   15.5055 0.8202 59
    0.2000   11.8185   15.3842 0.8176 59
    0.2000   11.7750   15.2781 0.8155 59
    0.2000   11.7264   15.1603 0.8131 59
    0.2000   11.6837   15.0495 0.8109 59
    0.2000   11.6457   14.9407 0.8088 34
    0.2000   11.6160   14.8346 0.8066 34
    0.2000   11.5917   14.7294 0.8046 34
    0.2000   11.5676   14.6222 0.8026 34
    0.2000   11.5456   14.5190 0.8006 34
    0.2000   11.5151   14.3690 0.7979 34
    0.2000   11.4954   14.2674 0.7960 34
    0.2000   11.4762   14.1652 0.7941 34
    0.2000   11.4505   14.0176 0.7914 34
    0.2000   11.4275   13.8710 0.7888 34
    0.2000   11.4064   13.7228 0.7862 34
    0.2000   11.3911   13.5799 0.7837 34
    0.2000   11.3880   13.4450 0.7815 34
    0.2000   11.3877   13.3133 0.7793 33
    0.2000   11.3881   13.1789 0.7770 33
    0.2000   11.3900   13.0483 0.7748 33
    0.2000   11.3928   12.9169 0.7727 33
    0.2000   11.3968   12.7884 0.7705 33
    0.2000   11.4022   12.6613 0.7684 33
    0.2000   11.4089   12.5368 0.7663 33
    0.2000   11.4169   12.4130 0.7641 33
    0.2000   11.4268   12.2922 0.7622 33
    0.2000   11.4524   12.1003 0.7590 33
    0.2000   11.4715   11.9897 0.7571 33
    0.2000   11.4913   11.8790 0.7551 33
    0.2000   11.5116   11.7694 0.7532 33
    0.2000   11.5325   11.6595 0.7513 33
    0.2000   11.5538   11.5514 0.7495 33
    0.2000   11.5756   11.4441 0.7476 33
    0.2000   11.5977   11.3380 0.7458 33
    0.2000   11.6205   11.2323 0.7440 33
    0.2000   11.6436   11.1286 0.7421 33
    0.2000   11.6840   10.9579 0.7392 33
    0.2000   11.7104   10.8599 0.7374 33
    0.2000   11.7472   10.7322 0.7351 33
    0.2000   11.7755   10.6356 0.7333 33
    0.2000   11.8133   10.5080 0.7310 33
    0.2000   11.8515   10.3811 0.7287 33
    0.2000   11.8901   10.2545 0.7264 33
    0.2000   11.9288   10.1292 0.7241 33
    0.2000   11.9877    9.9420 0.7207 33
    0.2000   12.0277    9.8176 0.7185 33
    0.2000   12.0683    9.6962 0.7163 33
    0.2000   12.1108    9.5754 0.7140 33
    0.2000   12.1533    9.4556 0.7118 33
    0.2000   12.1962    9.3361 0.7096 33
    0.2000   12.2404    9.2143 0.7074 33
    0.2000   12.2845    9.0943 0.7053 33
    0.2000   12.3297    8.9727 0.7031 33
    0.2000   12.3750    8.8523 0.7009 33
    0.2000   12.4212    8.7310 0.6988 33
    0.2000   12.4680    8.6099 0.6966 33
    0.2000   12.5164    8.4876 0.6945 33
    0.2000   12.5659    8.3653 0.6923 33
    0.2000   12.6161    8.2433 0.6902 33
    0.2000   12.6671    8.1213 0.6881 33
    0.2000   12.7200    7.9968 0.6860 33
    0.2000   12.7605    7.9030 0.6844 33
    0.2000   12.8019    7.8080 0.6828 33
    0.2000   12.8438    7.7132 0.6813 33
    0.2000   12.8865    7.6176 0.6797 33
    0.2000   12.9299    7.5219 0.6781 33
    0.2000   12.9743    7.4254 0.6766 33
    0.2000   13.0204    7.3265 0.6750 33
    0.2000   13.0671    7.2279 0.6735 33
    0.2000   13.1149    7.1290 0.6720 33
    0.2000   13.1978    6.9609 0.6694 33
    0.2000   13.2488    6.8595 0.6679 33
    0.2000   13.3017    6.7558 0.6664 33
    0.2000   13.3559    6.6512 0.6649 33
    0.2000   13.4110    6.5462 0.6634 33
    0.2000   13.4680    6.4392 0.6619 33
    0.2000   13.5259    6.3322 0.6604 33
    0.2000   13.5864    6.2219 0.6589 33
    0.2000   13.6488    6.1100 0.6575 33
    0.2000   13.7129    5.9969 0.6560 33
    0.2000   13.8245    5.8036 0.6536 33
    0.2000   13.8966    5.6812 0.6521 26
    0.2000   13.9721    5.5546 0.6506 26
    0.2000   14.0495    5.4266 0.6492 26
    0.2000   14.1100    5.3271 0.6481 26
    0.2000   14.1715    5.2269 0.6471 26
    0.2000   14.2356    5.1228 0.6460 26
    0.2000   14.3003    5.0187 0.6450 26
    0.2000   14.3672    4.9117 0.6439 26
    0.2000   14.4828    4.7282 0.6422 26
    0.2000   14.5645    4.5993 0.6410108
    0.2000   14.6182    4.5148 0.6402108
    0.2000   14.6980    4.3895 0.6390108
    0.2000   14.7521    4.3047 0.6382108
    0.2000   14.8302    4.1825 0.6370108
    0.2000   14.9082    4.0607 0.6358108
    0.2000   14.9841    3.9423 0.6346108
    0.2000   15.0617    3.8210 0.6334108
    0.2000   15.1384    3.7012 0.6322108
    0.2000   15.2170    3.5783 0.6309108
    0.2000   15.2914    3.4616 0.6296108
    0.2000   15.3659    3.3447 0.6283108
    0.2000   15.4372    3.2321 0.6270108
    0.2000   15.5087    3.1186 0.6256108
    0.2000   15.5763    3.0105 0.6243108
    0.2000   15.6417    2.9051 0.6229108
    0.2000   15.7026    2.8061 0.6215108
    0.2000   15.7602    2.7118 0.6201108
    0.2000   15.8165    2.6187 0.6186108
    0.2000   15.8719    2.5261 0.6171108
    0.2000   15.9261    2.4347 0.6155108
    0.2000   15.9921    2.3219 0.6133108
    0.2000   16.0509    2.2198 0.6112108
    0.2000   16.1043    2.1251 0.6090108
    0.2000   16.1531    2.0368 0.6068108
    0.2000   16.2054    1.9399 0.6040108
    0.2000   16.2584    1.8397 0.6003108
    0.2000   16.3256    1.7082 0.5888108
