    0.2000 -110.3383   44.6098 0.9808317
    0.2000 -110.2008   44.5679 0.9708317
    0.2000 -110.2246   44.4624 0.9631317
    0.2000 -110.2983   44.3708 0.9579317
    0.2000 -110.3641   44.2820 0.9494 96
    0.2000 -110.4580   44.2070 0.9431 96
    0.2000 -110.5929   44.1295 0.9349 96
    0.2000 -110.7347   44.0818 0.9309 96
    0.2000 -110.8850   44.0378 0.9273 96
    0.2000 -111.0241   44.0011 0.9231 96
    0.2000 -111.1745   43.9720 0.9194 96
    0.2000 -111.3266   43.9435 0.9169 96
    0.2000 -111.4623   43.9182 0.9146 96
    0.2000 -111.5976   43.8945 0.9133 96
    0.2000 -111.7725   43.8630 0.9111 96
    0.2000 -111.9251   43.8346 0.9084 96
    0.2000 -112.0712   43.8080 0.9062 96
    0.2000 -112.2886   43.7717 0.9044 96
    0.2000 -112.4337   43.7476 0.9026 35
    0.2000 -112.5844   43.7224 0.9011 35
    0.2000 -112.7208   43.7002 0.8991 35
    0.2000 -112.8875   43.6750 0.8961 35
    0.2000 -113.0406   43.6496 0.8943 35
    0.2000 -113.1897   43.6246 0.8923 35
    0.2000 -113.3562   43.5954 0.8899 35
    0.2000 -113.4931   43.5700 0.8878 35
    0.2000 -113.6276   43.5438 0.8855 35
    0.2000 -113.7647   43.5152 0.8832 31
    0.2000 -113.9070   43.4828 0.8801 31
    0.2000 -114.0488   43.4477 0.8771 31
    0.2000 -114.1988   43.4064 0.8725 31
    0.2000 -114.4551   43.3247 0.8647 31
    0.2000 -114.5867   43.2739 0.8598 32
    0.2000 -114.7106   43.2155 0.8545 32
    0.2000 -114.9227   43.0888 0.8424 32
    0.2000 -115.0176   43.0146 0.8354 31
    0.2000 -115.1647   42.8510 0.8194 31
    0.2000 -115.2235   42.7603 0.8101 32
    0.2000 -115.2822   42.6362 0.7966 32
    0.2000 -115.3471   42.4496 0.7742 32
    0.2000 -115.3984   42.2833 0.7524 33
    0.2000 -115.4575   42.1239 0.7311 33
    0.2000 -115.5356   41.9642 0.7102 33
    0.2000 -115.6382   41.8028 0.6897 33
    0.2000 -115.7677   41.6376 0.6692 33
    0.2000 -115.8439   41.5516 0.6590 33
    0.2000 -115.9274   41.4622 0.6487 33
    0.2000 -116.0092   41.3785 0.6396 33
    0.2000 -116.1245   41.2631 0.6277 33
    0.2000 -116.2075   41.1814 0.6205 24
    0.2000 -116.3360   41.0551 0.6108 24
    0.2000 -116.4900   40.8997 0.5888 37
