    0.2000  -17.1257   64.3325 0.9811148
    0.2000  -17.3598   64.2895 0.9768148
    0.2000  -17.6162   64.2727 0.9732148
    0.2000  -17.8449   64.2506 0.9667148
    0.2000  -18.0899   64.2356 0.9603148
    0.2000  -18.4404   64.1938 0.9455148
    0.2000  -18.5294   64.0970 0.9312 83
    0.2000  -18.4817   63.9990 0.9222 83
    0.2000  -18.3980   63.9030 0.9158 83
    0.2000  -18.2954   63.8016 0.9100 83
    0.2000  -18.1917   63.7104 0.9055 83
    0.2000  -18.0733   63.6151 0.9003 83
    0.2000  -17.8525   63.4493 0.8910 83
    0.2000  -17.7289   63.3572 0.8859 36
    0.2000  -17.6085   63.2689 0.8813 36
    0.2000  -17.4688   63.1672 0.8763 36
    0.2000  -17.3294   63.0646 0.8704 36
    0.2000  -17.2080   62.9739 0.8653 36
    0.2000  -17.0943   62.8876 0.8605 36
    0.2000  -16.9773   62.7964 0.8553 36
    0.2000  -16.8678   62.7080 0.8499 33
    0.2000  -16.7489   62.6057 0.8437 33
    0.2000  -16.6472   62.5095 0.8380 33
    0.2000  -16.5579   62.4154 0.8317 33
    0.2000  -16.4566   62.2849 0.8227 33
    0.2000  -16.3972   62.1784 0.8148 33
    0.2000  -16.3654   62.0765 0.8069 33
    0.2000  -16.3609   61.9591 0.7972 33
    0.2000  -16.3892   61.8503 0.7877251
    0.2000  -16.4432   61.7489 0.7784251
    0.2000  -16.5170   61.6513 0.7691251
    0.2000  -16.6080   61.5579 0.7599251
    0.2000  -16.7107   61.4674 0.7507251
    0.2000  -16.8353   61.3721 0.7406251
    0.2000  -16.9647   61.2823 0.7307251
    0.2000  -17.0952   61.1983 0.7210251
    0.2000  -17.2318   61.1156 0.7109251
    0.2000  -17.3702   61.0357 0.7006251
    0.2000  -17.5132   60.9573 0.6896251
    0.2000  -17.6601   60.8801 0.6778251
    0.2000  -17.8104   60.8053 0.6650251
    0.2000  -17.9632   60.7319 0.6507251
    0.2000  -18.1129   60.6616 0.6349251
    0.2000  -18.3513   60.5411 0.5888251
