    0.2000   68.8000  -48.9644 0.9816***
    0.2000   68.6374  -48.9809 0.9786***
    0.2000   68.4709  -48.9814 0.9770***
    0.2000   68.3013  -48.9800 0.9754***
    0.2000   68.1461  -48.9946 0.9710***
    0.2000   67.9896  -48.9906 0.9700***
    0.2000   67.8324  -48.9880 0.9695***
    0.2000   67.6703  -48.9870 0.9659***
    0.2000   67.4969  -48.9776 0.9648***
    0.2000   67.3275  -48.9765 0.9618***
    0.2000   67.1740  -48.9740 0.9593***
    0.2000   66.9802  -48.9593 0.9581***
    0.2000   66.8273  -48.9576 0.9553***
    0.2000   66.6741  -48.9489 0.9527***
    0.2000   66.4832  -48.9347 0.9515***
    0.2000   66.3080  -48.9226 0.9475***
    0.2000   66.1442  -48.9117 0.9443***
    0.2000   65.9518  -48.8877 0.9425***
    0.2000   65.7639  -48.8668 0.9403***
    0.2000   65.5762  -48.8485 0.9363***
    0.2000   65.4242  -48.8296 0.9334***
    0.2000   65.2337  -48.8023 0.9305***
    0.2000   65.0636  -48.7795 0.9270***
    0.2000   64.9112  -48.7455 0.9276***
    0.2000   64.7477  -48.7210 0.9237***
    0.2000   64.5946  -48.6883 0.9222***
    0.2000   64.4466  -48.6573 0.9201***
    0.2000   64.2890  -48.6240 0.9176***
    0.2000   64.1079  -48.5820 0.9155***
    0.2000   63.9582  -48.5454 0.9139***
    0.2000   63.7856  -48.5022 0.9115***
    0.2000   63.6380  -48.4632 0.9097***
    0.2000   63.4917  -48.4236 0.9078***
    0.2000   63.2947  -48.3665 0.9053***
    0.2000   63.1154  -48.3118 0.9032***
    0.2000   62.9704  -48.2652 0.9020***
    0.2000   62.7829  -48.2026 0.8995***
    0.2000   62.6365  -48.1518 0.8968***
    0.2000   62.4937  -48.1008 0.8948***
    0.2000   62.3278  -48.0410 0.8926***
    0.2000   62.1385  -47.9710 0.8895***
    0.2000   61.9612  -47.9034 0.8871***
    0.2000   61.7952  -47.8394 0.8850***
    0.2000   61.6181  -47.7696 0.8820***
    0.2000   61.4715  -47.7108 0.8793***
    0.2000   61.3079  -47.6444 0.8768***
    0.2000   61.1421  -47.5760 0.8739***
    0.2000   61.0061  -47.5182 0.8719***
    0.2000   60.8679  -47.4600 0.8694***
    0.2000   60.7174  -47.3952 0.8667***
    0.2000   60.5750  -47.3335 0.8644***
    0.2000   60.4139  -47.2625 0.8615***
    0.2000   60.2513  -47.1903 0.8582***
    0.2000   60.1107  -47.1274 0.8557***
    0.2000   59.9808  -47.0688 0.8534***
    0.2000   59.8313  -47.0004 0.8503***
    0.2000   59.6833  -46.9324 0.8473***
    0.2000   59.5562  -46.8734 0.8449***
    0.2000   59.4088  -46.8045 0.8419***
    0.2000   59.2643  -46.7366 0.8390***
    0.2000   59.1284  -46.6724 0.8361***
    0.2000   58.9779  -46.6009 0.8330***
    0.2000   58.8467  -46.5385 0.8300***
    0.2000   58.7012  -46.4688 0.8268***
    0.2000   58.5744  -46.4079 0.8240***
    0.2000   58.4515  -46.3484 0.8212***
    0.2000   58.2968  -46.2738 0.8177***
    0.2000   58.1469  -46.2012 0.8142***
    0.2000   58.0021  -46.1307 0.8108***
    0.2000   57.8598  -46.0615 0.8072***
    0.2000   57.7177  -45.9924 0.8038***
    0.2000   57.5814  -45.9257 0.8004***
    0.2000   57.4471  -45.8600 0.7970***
    0.2000   57.3122  -45.7945 0.7935***
    0.2000   57.1842  -45.7320 0.7901***
    0.2000   57.0596  -45.6711 0.7868***
    0.2000   56.9356  -45.6109 0.7834***
    0.2000   56.8163  -45.5527 0.7801***
    0.2000   56.6977  -45.4951 0.7768***
    0.2000   56.5589  -45.4277 0.7728***
    0.2000   56.4242  -45.3624 0.7689***
    0.2000   56.2786  -45.2918 0.7646***
    0.2000   56.1432  -45.2260 0.7604***
    0.2000   56.0216  -45.1671 0.7566***
    0.2000   55.8976  -45.1071 0.7527***
    0.2000   55.7636  -45.0421 0.7483***
    0.2000   55.6416  -44.9828 0.7442***
    0.2000   55.5161  -44.9216 0.7398***
    0.2000   55.3688  -44.8495 0.7346***
    0.2000   55.2365  -44.7844 0.7297***
    0.2000   55.1021  -44.7179 0.7245***
    0.2000   54.9658  -44.6494 0.7191***
    0.2000   54.8412  -44.5862 0.7139***
    0.2000   54.7195  -44.5233 0.7086***
    0.2000   54.5827  -44.4513 0.7023***
    0.2000   54.4562  -44.3824 0.6963***
    0.2000   54.3390  -44.3165 0.6903***
    0.2000   54.2291  -44.2528 0.6843***
    0.2000   54.1132  -44.1823 0.6776***
    0.2000   54.0052  -44.1127 0.6707***
    0.2000   53.8956  -44.0379 0.6631***
    0.2000   53.7946  -43.9642 0.6553***
    0.2000   53.6968  -43.8874 0.6469***
    0.2000   53.6025  -43.8089 0.6376***
    0.2000   53.5112  -43.7258 0.6268***
    0.2000   53.4265  -43.6430 0.6141***
    0.2000   53.3427  -43.5570 0.5888***
