    0.2000   37.8426  -46.9001 0.9835***
    0.2000   37.7058  -46.9383 0.9803***
    0.2000   37.5696  -46.9865 0.9773***
    0.2000   37.4128  -47.0121 0.9737***
    0.2000   37.2606  -47.0383 0.9682***
    0.2000   37.1064  -47.0553 0.9629***
    0.2000   36.9565  -47.0571 0.9590***
    0.2000   36.8031  -47.0594 0.9530***
    0.2000   36.6471  -47.0489 0.9465***
    0.2000   36.4941  -47.0376 0.9362***
    0.2000   36.3423  -47.0075 0.9266***
    0.2000   36.2106  -46.9557 0.9182***
    0.2000   36.0868  -46.8893 0.9116***
    0.2000   35.9694  -46.8146 0.9052***
    0.2000   35.8707  -46.7398 0.9002***
    0.2000   35.7705  -46.6500 0.8953***
    0.2000   35.6859  -46.5664 0.8911***
    0.2000   35.5976  -46.4703 0.8865***
    0.2000   35.5249  -46.3824 0.8821***
    0.2000   35.4582  -46.2923 0.8778***
    0.2000   35.3976  -46.2010 0.8731***
    0.2000   35.3316  -46.0867 0.8682***
    0.2000   35.2728  -45.9689 0.8628***
    0.2000   35.2234  -45.8509 0.8577***
    0.2000   35.1819  -45.7319 0.8526***
    0.2000   35.1476  -45.6135 0.8477***
    0.2000   35.1182  -45.4933 0.8428***
    0.2000   35.0945  -45.3721 0.8377***
    0.2000   35.0764  -45.2537 0.8327***
    0.2000   35.0625  -45.1356 0.8280***
    0.2000   35.0512  -45.0207 0.8232***
    0.2000   35.0434  -44.9209 0.8191***
    0.2000   35.0365  -44.8182 0.8151***
    0.2000   35.0308  -44.7177 0.8110***
    0.2000   35.0260  -44.6150 0.8067***
    0.2000   35.0212  -44.4975 0.8019***
    0.2000   35.0176  -44.3834 0.7973***
    0.2000   35.0149  -44.2653 0.7924***
    0.2000   35.0129  -44.1458 0.7874***
    0.2000   35.0114  -44.0312 0.7826***
    0.2000   35.0104  -43.9168 0.7778***
    0.2000   35.0097  -43.8064 0.7731***
    0.2000   35.0095  -43.6967 0.7683***
    0.2000   35.0094  -43.5849 0.7634***
    0.2000   35.0095  -43.4741 0.7585***
    0.2000   35.0096  -43.3632 0.7535***
    0.2000   35.0094  -43.2526 0.7485***
    0.2000   35.0089  -43.1429 0.7434***
    0.2000   35.0079  -43.0352 0.7382***
    0.2000   35.0066  -42.9277 0.7330***
    0.2000   35.0050  -42.8247 0.7280***
    0.2000   35.0030  -42.7233 0.7228***
    0.2000   35.0007  -42.6225 0.7177***
    0.2000   34.9981  -42.5218 0.7124***
    0.2000   34.9951  -42.4213 0.7071***
    0.2000   34.9911  -42.3047 0.7007***
    0.2000   34.9871  -42.1907 0.6944***
    0.2000   34.9829  -42.0785 0.6881***
    0.2000   34.9786  -41.9742 0.6820***
    0.2000   34.9736  -41.8579 0.6751***
    0.2000   34.9686  -41.7502 0.6685***
    0.2000   34.9635  -41.6500 0.6623***
    0.2000   34.9579  -41.5498 0.6559***
    0.2000   34.9515  -41.4475 0.6492***
    0.2000   34.9432  -41.3393 0.6417***
    0.2000   34.9332  -41.2279 0.6337***
    0.2000   34.9226  -41.1236 0.6257***
    0.2000   34.9108  -41.0224 0.6170***
    0.2000   34.8830  -40.8351 0.5888***
