    0.2000  -32.0168   27.9035 0.9823617
    0.2000  -32.0940   27.8230 0.9775617
    0.2000  -32.1435   27.7281 0.9723617
    0.2000  -32.1186   27.6263 0.9682617
    0.2000  -32.1151   27.5227 0.9632617
    0.2000  -32.0862   27.4143 0.9585617
    0.2000  -32.0351   27.3198 0.9523617
    0.2000  -31.9428   27.2409 0.9471617
    0.2000  -31.8638   27.1670 0.9407617
    0.2000  -31.7598   27.1171 0.9354617
    0.2000  -31.6287   27.0753 0.9306617
    0.2000  -31.5071   27.0492 0.9272617
    0.2000  -31.3678   27.0298 0.9239617
    0.2000  -31.2262   27.0169 0.9215617
    0.2000  -31.1054   27.0103 0.9168617
    0.2000  -30.9655   27.0006 0.9149617
    0.2000  -30.8281   26.9939 0.9117617
    0.2000  -30.7011   26.9885 0.9093617
    0.2000  -30.5768   26.9805 0.9077617
    0.2000  -30.4460   26.9735 0.9065617
    0.2000  -30.3069   26.9672 0.9037617
    0.2000  -30.1926   26.9639 0.9019617
    0.2000  -30.0551   26.9558 0.9001617
    0.2000  -29.9396   26.9509 0.8978617
    0.2000  -29.8272   26.9453 0.8956617
    0.2000  -29.6891   26.9361 0.8937617
    0.2000  -29.5570   26.9272 0.8916617
    0.2000  -29.4262   26.9180 0.8896617
    0.2000  -29.2994   26.9074 0.8876617
    0.2000  -29.1759   26.8960 0.8860617
    0.2000  -29.0532   26.8849 0.8837617
    0.2000  -28.9335   26.8717 0.8819617
    0.2000  -28.8128   26.8589 0.8797617
    0.2000  -28.6998   26.8443 0.8781617
    0.2000  -28.5861   26.8295 0.8758617
    0.2000  -28.4753   26.8137 0.8737617
    0.2000  -28.3287   26.7913 0.8711617
    0.2000  -28.1950   26.7698 0.8685617
    0.2000  -28.0588   26.7463 0.8657617
    0.2000  -27.9267   26.7220 0.8628617
    0.2000  -27.8074   26.6983 0.8603617
    0.2000  -27.6883   26.6734 0.8575617
    0.2000  -27.5704   26.6470 0.8550617
    0.2000  -27.4555   26.6203 0.8520617
    0.2000  -27.3243   26.5884 0.8486617
    0.2000  -27.1905   26.5544 0.8450617
    0.2000  -27.0704   26.5226 0.8417617
    0.2000  -26.9508   26.4897 0.8380617
    0.2000  -26.8366   26.4566 0.8344617
    0.2000  -26.7135   26.4193 0.8301617
    0.2000  -26.5975   26.3825 0.8258617
    0.2000  -26.4869   26.3457 0.8214617
    0.2000  -26.3738   26.3061 0.8165617
    0.2000  -26.2653   26.2659 0.8114617
    0.2000  -26.1505   26.2209 0.8053617
    0.2000  -26.0419   26.1756 0.7990617
    0.2000  -25.9398   26.1307 0.7925617
    0.2000  -25.8409   26.0845 0.7855617
    0.2000  -25.7428   26.0361 0.7777617
    0.2000  -25.6411   25.9834 0.7688617
    0.2000  -25.5444   25.9310 0.7591617
    0.2000  -25.4490   25.8776 0.7484617
    0.2000  -25.3522   25.8229 0.7364617
    0.2000  -25.2539   25.7679 0.7231617
    0.2000  -25.1573   25.7152 0.7090617
    0.2000  -25.0560   25.6626 0.6936617
    0.2000  -24.9535   25.6127 0.6773617
    0.2000  -24.8494   25.5654 0.6604617
    0.2000  -24.7469   25.5228 0.6430617
    0.2000  -24.5384   25.4497 0.5888617
