    0.1000   55.5058  -21.2518 0.9794191
    0.1000   55.4156  -21.3130 0.9774191
    0.1000   55.3131  -21.3799 0.9755191
    0.1000   55.2257  -21.4394 0.9721191
    0.1000   55.1394  -21.5056 0.9692191
    0.1000   55.0425  -21.5769 0.9691191
    0.1000   54.9238  -21.6257 0.9630191
    0.1000   54.8255  -21.6856 0.9612191
    0.1000   54.7387  -21.7474 0.9591191
    0.1000   54.6352  -21.8074 0.9552191
    0.1000   54.5492  -21.8739 0.9531191
    0.1000   54.4407  -21.9474 0.9511191
    0.1000   54.3569  -22.0168 0.9486191
    0.1000   54.2611  -22.0691 0.9443191
    0.1000   54.1763  -22.1315 0.9413191
    0.1000   54.0915  -22.2085 0.9394191
    0.1000   54.0029  -22.2710 0.9357191
    0.1000   53.8883  -22.3578 0.9309191
    0.1000   53.7953  -22.4455 0.9282191
    0.1000   53.7052  -22.5229 0.9246191
    0.1000   53.6295  -22.6023 0.9228191
    0.1000   53.5115  -22.7135 0.9188191
    0.1000   53.4247  -22.8012 0.9160 70
    0.1000   53.3474  -22.8812 0.9138 70
    0.1000   53.2653  -22.9659 0.9113 70
    0.1000   53.1841  -23.0491 0.9085 70
    0.1000   53.1132  -23.1257 0.9066 70
    0.1000   53.0364  -23.2083 0.9044 70
    0.1000   52.9552  -23.2974 0.9014 70
    0.1000   52.8835  -23.3771 0.8991 70
    0.1000   52.8027  -23.4684 0.8964 70
    0.1000   52.7182  -23.5621 0.8933 70
    0.1000   52.6352  -23.6534 0.8908 70
    0.1000   52.5506  -23.7450 0.8879 70
    0.1000   52.4702  -23.8313 0.8855 70
    0.1000   52.3863  -23.9199 0.8828 70
    0.1000   52.3052  -24.0045 0.8800 70
    0.1000   52.2221  -24.0897 0.8774 70
    0.1000   52.0794  -24.2336 0.8728 70
    0.1000   51.9945  -24.3175 0.8702 50
    0.1000   51.9071  -24.4024 0.8674 50
    0.1000   51.8302  -24.4768 0.8654 50
    0.1000   51.7454  -24.5571 0.8627 50
    0.1000   51.6606  -24.6364 0.8603 50
    0.1000   51.5757  -24.7144 0.8576 50
    0.1000   51.4884  -24.7935 0.8550 50
    0.1000   51.4016  -24.8712 0.8526 50
    0.1000   51.3183  -24.9450 0.8503 50
    0.1000   51.2333  -25.0193 0.8480 50
    0.1000   51.1478  -25.0932 0.8457 50
    0.1000   51.0621  -25.1665 0.8434 50
    0.1000   50.9798  -25.2364 0.8413 50
    0.1000   50.8936  -25.3082 0.8389 50
    0.1000   50.8076  -25.3794 0.8367 50
    0.1000   50.7204  -25.4506 0.8343 50
    0.1000   50.6351  -25.5197 0.8321 39
    0.1000   50.5486  -25.5890 0.8296 39
    0.1000   50.4645  -25.6561 0.8275 39
    0.1000   50.3802  -25.7229 0.8253 39
    0.1000   50.2963  -25.7890 0.8231 39
    0.1000   50.1731  -25.8855 0.8200 39
    0.1000   50.0510  -25.9804 0.8169 39
    0.1000   49.9239  -26.0782 0.8136 39
    0.1000   49.8038  -26.1704 0.8106 39
    0.1000   49.6815  -26.2632 0.8072 39
    0.1000   49.5631  -26.3532 0.8042 39
    0.1000   49.4061  -26.4724 0.8001 39
    0.1000   49.2886  -26.5614 0.7969 33
    0.1000   49.1741  -26.6482 0.7939 33
    0.1000   49.0600  -26.7349 0.7908 33
    0.1000   48.9469  -26.8209 0.7877 33
    0.1000   48.8356  -26.9059 0.7845 33
    0.1000   48.7256  -26.9901 0.7815 33
    0.1000   48.6155  -27.0744 0.7783 33
    0.1000   48.5084  -27.1571 0.7752 33
    0.1000   48.4001  -27.2409 0.7721 33
    0.1000   48.2245  -27.3778 0.7668 33
    0.1000   48.1166  -27.4628 0.7636 33
    0.1000   48.0125  -27.5458 0.7604 33
    0.1000   47.9064  -27.6307 0.7571 33
    0.1000   47.8014  -27.7154 0.7537 33
    0.1000   47.6962  -27.8008 0.7504 33
    0.1000   47.5920  -27.8864 0.7470 33
    0.1000   47.4875  -27.9727 0.7435 33
    0.1000   47.3846  -28.0585 0.7401 33
    0.1000   47.2990  -28.1298 0.7372173
    0.1000   47.2155  -28.1993 0.7343173
    0.1000   47.1270  -28.2721 0.7312173
    0.1000   47.0390  -28.3440 0.7281173
    0.1000   46.9536  -28.4137 0.7250173
    0.1000   46.8683  -28.4825 0.7219173
    0.1000   46.7578  -28.5712 0.7178173
    0.1000   46.6501  -28.6571 0.7137173
    0.1000   46.5448  -28.7399 0.7096173
    0.1000   46.4449  -28.8180 0.7056173
    0.1000   46.3477  -28.8931 0.7017173
    0.1000   46.2533  -28.9656 0.6978173
    0.1000   46.1595  -29.0367 0.6939173
    0.1000   46.0675  -29.1060 0.6899173
    0.1000   45.9773  -29.1730 0.6860173
    0.1000   45.8731  -29.2496 0.6814173
    0.1000   45.7718  -29.3230 0.6768173
    0.1000   45.6726  -29.3942 0.6722173
    0.1000   45.5763  -29.4625 0.6676173
    0.1000   45.4834  -29.5275 0.6630173
    0.1000   45.3931  -29.5901 0.6585173
    0.1000   45.2888  -29.6615 0.6531173
    0.1000   45.1887  -29.7291 0.6478173
    0.1000   45.0927  -29.7926 0.6424173
    0.1000   44.9860  -29.8612 0.6363173
    0.1000   44.8853  -29.9239 0.6302173
    0.1000   44.7779  -29.9886 0.6233173
    0.1000   44.6785  -30.0456 0.6163173
    0.1000   44.5774  -30.1003 0.6083173
    0.1000   44.4507  -30.1634 0.5888173
