    0.2000  -11.4682  -38.7933 0.9814242
    0.2000  -11.5703  -38.8597 0.9783242
    0.2000  -11.4801  -38.9494 0.9747242
    0.2000  -11.5351  -39.0405 0.9700242
    0.2000  -11.3978  -39.1112 0.9684242
    0.2000  -11.3963  -39.2186 0.9606242
    0.2000  -11.3010  -39.2951 0.9555242
    0.2000  -11.1387  -39.3217 0.9542242
    0.2000  -11.0145  -39.3653 0.9519242
    0.2000  -10.8771  -39.4228 0.9462242
    0.2000  -10.7350  -39.4584 0.9437242
    0.2000  -10.6082  -39.4980 0.9404242
    0.2000  -10.4805  -39.5163 0.9391242
    0.2000  -10.3365  -39.5616 0.9347242
    0.2000  -10.1907  -39.5802 0.9329242
    0.2000  -10.0627  -39.6010 0.9309242
    0.2000   -9.9140  -39.6398 0.9272242
    0.2000   -9.7607  -39.6613 0.9248242
    0.2000   -9.6253  -39.6800 0.9236242
    0.2000   -9.4635  -39.6899 0.9226242
    0.2000   -9.3243  -39.7092 0.9197242
    0.2000   -9.1815  -39.7122 0.9201242
    0.2000   -9.0304  -39.7367 0.9166242
    0.2000   -8.8863  -39.7466 0.9154242
    0.2000   -8.7179  -39.7635 0.9134242
    0.2000   -8.5400  -39.7790 0.9113242
    0.2000   -8.3933  -39.7940 0.9094242
    0.2000   -8.2198  -39.7973 0.9084242
    0.2000   -8.0885  -39.8029 0.9072242
    0.2000   -7.9283  -39.8092 0.9058242
    0.2000   -7.7746  -39.8151 0.9042242
    0.2000   -7.6441  -39.8187 0.9029242
    0.2000   -7.5121  -39.8192 0.9016242
    0.2000   -7.3655  -39.8199 0.9004242
    0.2000   -7.1624  -39.8164 0.8993242
    0.2000   -6.9895  -39.8139 0.8970242
    0.2000   -6.8216  -39.8109 0.8949242
    0.2000   -6.6598  -39.8065 0.8936242
    0.2000   -6.4974  -39.8029 0.8919242
    0.2000   -6.3531  -39.7989 0.8906242
    0.2000   -6.1898  -39.7940 0.8890242
    0.2000   -6.0206  -39.7893 0.8869242
    0.2000   -5.8653  -39.7827 0.8859 56
    0.2000   -5.6861  -39.7769 0.8835 56
    0.2000   -5.5277  -39.7698 0.8822 56
    0.2000   -5.3723  -39.7633 0.8805 56
    0.2000   -5.2101  -39.7555 0.8789 56
    0.2000   -5.0479  -39.7472 0.8767 56
    0.2000   -4.8961  -39.7393 0.8752 56
    0.2000   -4.7580  -39.7323 0.8736 56
    0.2000   -4.5956  -39.7235 0.8716 56
    0.2000   -4.4563  -39.7168 0.8700 56
    0.2000   -4.2653  -39.7071 0.8678 56
    0.2000   -4.1196  -39.6997 0.8661 56
    0.2000   -3.9811  -39.6931 0.8646 56
    0.2000   -3.7997  -39.6844 0.8623 56
    0.2000   -3.6509  -39.6768 0.8603 56
    0.2000   -3.5165  -39.6705 0.8587 56
    0.2000   -3.3421  -39.6624 0.8567 56
    0.2000   -3.2096  -39.6563 0.8552 56
    0.2000   -3.0674  -39.6491 0.8530 56
    0.2000   -2.8994  -39.6418 0.8509 56
    0.2000   -2.7499  -39.6353 0.8489353
    0.2000   -2.6030  -39.6291 0.8471353
    0.2000   -2.4575  -39.6231 0.8450353
    0.2000   -2.3202  -39.6177 0.8433353
    0.2000   -2.1792  -39.6119 0.8414353
    0.2000   -2.0444  -39.6066 0.8396353
    0.2000   -1.9093  -39.6013 0.8377353
    0.2000   -1.7757  -39.5962 0.8357353
    0.2000   -1.6398  -39.5912 0.8339353
    0.2000   -1.4995  -39.5859 0.8318353
    0.2000   -1.3646  -39.5814 0.8299353
    0.2000   -1.2283  -39.5765 0.8279353
    0.2000   -1.0900  -39.5719 0.8258353
    0.2000   -0.9529  -39.5672 0.8238353
    0.2000   -0.8193  -39.5630 0.8218353
    0.2000   -0.6545  -39.5581 0.8193353
    0.2000   -0.4928  -39.5530 0.8168353
    0.2000   -0.3274  -39.5483 0.8143353
    0.2000   -0.1731  -39.5437 0.8121353
    0.2000   -0.0160  -39.5394 0.8096353
    0.2000    0.1312  -39.5350 0.8071353
    0.2000    0.3181  -39.5294 0.8041353
    0.2000    0.4706  -39.5251 0.8016353
    0.2000    0.6077  -39.5214 0.7994353
    0.2000    0.7514  -39.5173 0.7971353
    0.2000    0.8969  -39.5137 0.7948353
    0.2000    1.0366  -39.5098 0.7925353
    0.2000    1.1745  -39.5061 0.7903353
    0.2000    1.3076  -39.5026 0.7882353
    0.2000    1.4443  -39.4987 0.7858353
    0.2000    1.5757  -39.4953 0.7837353
    0.2000    1.7110  -39.4915 0.7815353
    0.2000    1.8438  -39.4881 0.7794353
    0.2000    1.9747  -39.4847 0.7773353
    0.2000    2.1063  -39.4813 0.7752353
    0.2000    2.2392  -39.4776 0.7730353
    0.2000    2.4029  -39.4730 0.7704353
    0.2000    2.5670  -39.4681 0.7678353
    0.2000    2.6970  -39.4640 0.7658353
    0.2000    2.8831  -39.4578 0.7628353
    0.2000    3.0768  -39.4508 0.7597353
    0.2000    3.2594  -39.4438 0.7569353
    0.2000    3.4341  -39.4367 0.7542353
    0.2000    3.6240  -39.4276 0.7512353
    0.2000    3.7969  -39.4190 0.7485353
    0.2000    3.9598  -39.4099 0.7460353
    0.2000    4.1341  -39.3994 0.7432353
    0.2000    4.3046  -39.3883 0.7406353
    0.2000    4.4705  -39.3766 0.7380353
    0.2000    4.6270  -39.3648 0.7356353
    0.2000    4.7935  -39.3512 0.7330353
    0.2000    4.9506  -39.3374 0.7306353
    0.2000    5.1087  -39.3226 0.7281353
    0.2000    5.2658  -39.3065 0.7256353
    0.2000    5.4176  -39.2902 0.7233353
    0.2000    5.5702  -39.2724 0.7208353
    0.2000    5.7186  -39.2542 0.7185353
    0.2000    5.8690  -39.2343 0.7160353
    0.2000    6.0148  -39.2142 0.7136353
    0.2000    6.1488  -39.1949 0.7115353
    0.2000    6.2916  -39.1730 0.7091353
    0.2000    6.4309  -39.1509 0.7068353
    0.2000    6.5690  -39.1277 0.7044353
    0.2000    6.7406  -39.0976 0.7015353
    0.2000    6.8666  -39.0744 0.6993353
    0.2000    7.0222  -39.0445 0.6966353
    0.2000    7.1732  -39.0142 0.6938353
    0.2000    7.3246  -38.9824 0.6911353
    0.2000    7.4732  -38.9500 0.6883353
    0.2000    7.6213  -38.9163 0.6855353
    0.2000    7.7687  -38.8814 0.6826353
    0.2000    7.9127  -38.8461 0.6798353
    0.2000    8.0556  -38.8095 0.6769353
    0.2000    8.1965  -38.7720 0.6739353
    0.2000    8.3345  -38.7340 0.6710353
    0.2000    8.4701  -38.6954 0.6680353
    0.2000    8.6029  -38.6566 0.6650353
    0.2000    8.7335  -38.6173 0.6620353
    0.2000    8.8608  -38.5781 0.6590353
    0.2000    8.9871  -38.5380 0.6559353
    0.2000    9.1094  -38.4984 0.6528353
    0.2000    9.2289  -38.4589 0.6498353
    0.2000    9.3747  -38.4094 0.6458353
    0.2000    9.5154  -38.3602 0.6418353
    0.2000    9.6510  -38.3115 0.6378353
    0.2000    9.7743  -38.2660 0.6340353
    0.2000    9.9076  -38.2156 0.6296353
    0.2000   10.0288  -38.1684 0.6253353
    0.2000   10.1583  -38.1162 0.6203353
    0.2000   10.2729  -38.0681 0.6155353
    0.2000   10.3971  -38.0139 0.6095353
    0.2000   10.6129  -37.9135 0.5888353
