    0.2000 -109.4621  -27.2359 0.9840171
    0.2000 -109.5744  -27.2217 0.9811171
    0.2000 -109.7081  -27.2120 0.9810171
    0.2000 -109.8237  -27.2085 0.9797171
    0.2000 -109.9559  -27.2039 0.9774171
    0.2000 -110.0853  -27.1984 0.9759171
    0.2000 -110.2207  -27.1994 0.9739171
    0.2000 -110.3355  -27.1872 0.9724171
    0.2000 -110.4553  -27.1876 0.9709171
    0.2000 -110.5785  -27.1894 0.9688171
    0.2000 -110.6962  -27.1940 0.9671171
    0.2000 -110.8235  -27.1902 0.9645171
    0.2000 -110.9635  -27.1990 0.9612171
    0.2000 -111.0760  -27.1979 0.9599171
    0.2000 -111.1953  -27.2053 0.9583171
    0.2000 -111.3237  -27.2160 0.9554171
    0.2000 -111.4560  -27.2220 0.9523171
    0.2000 -111.5761  -27.2326 0.9501171
    0.2000 -111.7112  -27.2484 0.9468171
    0.2000 -111.8234  -27.2595 0.9447171
    0.2000 -111.9566  -27.2811 0.9402171
    0.2000 -112.1736  -27.3129 0.9348171
    0.2000 -112.2855  -27.3312 0.9318 84
    0.2000 -112.4178  -27.3497 0.9286 84
    0.2000 -112.5417  -27.3711 0.9258 84
    0.2000 -112.6690  -27.3945 0.9224 84
    0.2000 -112.7927  -27.4221 0.9200 84
    0.2000 -112.9445  -27.4508 0.9160 84
    0.2000 -113.0656  -27.4702 0.9136 84
    0.2000 -113.1950  -27.4920 0.9112 84
    0.2000 -113.3117  -27.5103 0.9092 84
    0.2000 -113.4411  -27.5322 0.9060 84
    0.2000 -113.5691  -27.5499 0.9033 84
    0.2000 -113.6983  -27.5675 0.9012 84
    0.2000 -113.8116  -27.5787 0.8981 84
    0.2000 -113.9271  -27.5905 0.8951 84
    0.2000 -114.0679  -27.6063 0.8917 84
    0.2000 -114.1920  -27.6159 0.8891 84
    0.2000 -114.3260  -27.6279 0.8861 84
    0.2000 -114.4502  -27.6358 0.8832 84
    0.2000 -114.6702  -27.6484 0.8780 84
    0.2000 -114.8089  -27.6522 0.8742 39
    0.2000 -114.9500  -27.6564 0.8706 39
    0.2000 -115.0947  -27.6590 0.8668 39
    0.2000 -115.2250  -27.6572 0.8639 39
    0.2000 -115.3677  -27.6563 0.8602 39
    0.2000 -115.5056  -27.6524 0.8567 39
    0.2000 -115.6187  -27.6477 0.8538 39
    0.2000 -115.7736  -27.6384 0.8497 39
    0.2000 -115.9114  -27.6296 0.8461 39
    0.2000 -116.1376  -27.6104 0.8403 39
    0.2000 -116.2697  -27.5975 0.8368307
    0.2000 -116.4054  -27.5825 0.8332307
    0.2000 -116.5323  -27.5670 0.8295307
    0.2000 -116.6617  -27.5500 0.8259307
    0.2000 -116.7854  -27.5327 0.8222307
    0.2000 -116.9097  -27.5145 0.8187307
    0.2000 -117.0261  -27.4958 0.8153307
    0.2000 -117.1410  -27.4764 0.8118307
    0.2000 -117.2722  -27.4524 0.8076307
    0.2000 -117.4014  -27.4275 0.8034307
    0.2000 -117.5299  -27.4014 0.7993307
    0.2000 -117.6616  -27.3735 0.7948307
    0.2000 -117.7896  -27.3445 0.7905307
    0.2000 -117.9055  -27.3168 0.7863307
    0.2000 -118.0200  -27.2880 0.7821307
    0.2000 -118.1446  -27.2554 0.7774307
    0.2000 -118.2660  -27.2221 0.7728307
    0.2000 -118.4041  -27.1822 0.7674307
    0.2000 -118.5233  -27.1455 0.7625307
    0.2000 -118.6341  -27.1099 0.7579307
    0.2000 -118.7569  -27.0688 0.7526307
    0.2000 -118.8739  -27.0278 0.7474307
    0.2000 -118.9783  -26.9894 0.7426307
    0.2000 -119.1017  -26.9417 0.7367307
    0.2000 -119.2197  -26.8941 0.7309307
    0.2000 -119.3335  -26.8461 0.7251307
    0.2000 -119.4416  -26.7984 0.7194307
    0.2000 -119.5469  -26.7495 0.7136307
    0.2000 -119.6469  -26.7013 0.7080307
    0.2000 -119.7532  -26.6475 0.7016307
    0.2000 -119.8589  -26.5910 0.6950307
    0.2000 -119.9585  -26.5348 0.6884307
    0.2000 -120.0677  -26.4697 0.6808307
    0.2000 -120.1644  -26.4075 0.6736307
    0.2000 -120.2538  -26.3458 0.6665307
    0.2000 -120.3470  -26.2770 0.6584307
    0.2000 -120.4406  -26.2013 0.6496307
    0.2000 -120.5202  -26.1312 0.6413307
    0.2000 -120.6033  -26.0514 0.6317307
    0.2000 -120.6794  -25.9718 0.6218307
    0.2000 -120.7519  -25.8950 0.6111307
    0.2000 -120.8359  -25.8037 0.5888307
