    0.2000 -155.4230   19.3180 0.9831***
    0.2000 -155.3341   19.2632 0.9807***
    0.2000 -155.2451   19.2062 0.9796***
    0.2000 -155.1381   19.2023 0.9753***
    0.2000 -155.0331   19.1630 0.9711***
    0.2000 -154.9589   19.0830 0.9697***
    0.2000 -154.8677   19.0216 0.9659***
    0.2000 -154.7687   18.9846 0.9598***
    0.2000 -154.6841   18.9178 0.9549***
    0.2000 -154.6052   18.8322 0.9510***
    0.2000 -154.5402   18.7496 0.9490***
    0.2000 -154.4774   18.6681 0.9436***
    0.2000 -154.4051   18.5677 0.9390***
    0.2000 -154.3427   18.4809 0.9327***
    0.2000 -154.2847   18.3915 0.9322***
    0.2000 -154.2108   18.2779 0.9268***
    0.2000 -154.1559   18.1907 0.9247***
    0.2000 -154.0933   18.0952 0.9216***
    0.2000 -154.0257   17.9827 0.9170***
    0.2000 -153.9617   17.8807 0.9156***
    0.2000 -153.8988   17.7791 0.9133***
    0.2000 -153.8317   17.6698 0.9107***
    0.2000 -153.7768   17.5795 0.9081***
    0.2000 -153.7226   17.4927 0.9061***
    0.2000 -153.6565   17.3886 0.9051***
    0.2000 -153.6000   17.2955 0.9030***
    0.2000 -153.5443   17.2102 0.9027***
    0.2000 -153.4823   17.1067 0.8991***
    0.2000 -153.4097   16.9906 0.8959***
    0.2000 -153.3560   16.9042 0.8943***
    0.2000 -153.2919   16.8003 0.8921***
    0.2000 -153.2351   16.7089 0.8902***
    0.2000 -153.1707   16.6038 0.8884***
    0.2000 -153.1154   16.5137 0.8862***
    0.2000 -153.0530   16.4116 0.8840***
    0.2000 -153.0006   16.3240 0.8817***
    0.2000 -152.9374   16.2199 0.8803***
    0.2000 -152.8744   16.1145 0.8774***
    0.2000 -152.8068   15.9988 0.8743***
    0.2000 -152.7479   15.8971 0.8719***
    0.2000 -152.6924   15.8001 0.8699***
    0.2000 -152.6354   15.6982 0.8674***
    0.2000 -152.5787   15.5946 0.8649***
    0.2000 -152.5292   15.5028 0.8626***
    0.2000 -152.4626   15.3759 0.8600***
    0.2000 -152.4143   15.2801 0.8576***
    0.2000 -152.3697   15.1896 0.8548***
    0.2000 -152.3108   15.0655 0.8517***
    0.2000 -152.2521   14.9362 0.8480***
    0.2000 -152.2078   14.8343 0.8454***
    0.2000 -152.1621   14.7252 0.8426***
    0.2000 -152.1228   14.6263 0.8399***
    0.2000 -152.0801   14.5131 0.8368***
    0.2000 -152.0449   14.4138 0.8340***
    0.2000 -152.0069   14.2989 0.8307***
    0.2000 -151.9746   14.1944 0.8276***
    0.2000 -151.9446   14.0909 0.8247***
    0.2000 -151.9176   13.9914 0.8216***
    0.2000 -151.8859   13.8639 0.8178***
    0.2000 -151.8581   13.7363 0.8139***
    0.2000 -151.8342   13.6110 0.8100***
    0.2000 -151.8145   13.4935 0.8061***
    0.2000 -151.7973   13.3771 0.8023***
    0.2000 -151.7828   13.2635 0.7986***
    0.2000 -151.7708   13.1534 0.7948***
    0.2000 -151.7612   13.0472 0.7912***
    0.2000 -151.7537   12.9419 0.7875***
    0.2000 -151.7483   12.8415 0.7837***
    0.2000 -151.7436   12.7200 0.7792***
    0.2000 -151.7410   12.6015 0.7748***
    0.2000 -151.7402   12.4860 0.7703***
    0.2000 -151.7412   12.3730 0.7659***
    0.2000 -151.7437   12.2647 0.7615***
    0.2000 -151.7473   12.1595 0.7572***
    0.2000 -151.7525   12.0466 0.7525***
    0.2000 -151.7587   11.9378 0.7478***
    0.2000 -151.7666   11.8232 0.7428***
    0.2000 -151.7752   11.7133 0.7379***
    0.2000 -151.7845   11.6055 0.7330***
    0.2000 -151.7943   11.5007 0.7281***
    0.2000 -151.8044   11.3989 0.7233***
    0.2000 -151.8166   11.2837 0.7178***
    0.2000 -151.8299   11.1648 0.7119***
    0.2000 -151.8432   11.0525 0.7062***
    0.2000 -151.8569   10.9410 0.7004***
    0.2000 -151.8702   10.8365 0.6948***
    0.2000 -151.8840   10.7328 0.6892***
    0.2000 -151.8994   10.6219 0.6830***
    0.2000 -151.9155   10.5103 0.6765***
    0.2000 -151.9313   10.4042 0.6702***
    0.2000 -151.9468   10.3048 0.6641***
    0.2000 -151.9641   10.1966 0.6572***
    0.2000 -151.9809   10.0946 0.6504***
    0.2000 -151.9989    9.9870 0.6429***
    0.2000 -152.0175    9.8794 0.6349***
    0.2000 -152.0352    9.7795 0.6270***
    0.2000 -152.0542    9.6741 0.6179***
    0.2000 -152.0732    9.5715 0.6078***
    0.2000 -152.0927    9.4722 0.5888***
