    0.2000 -137.9534  -50.9562 0.9829282
    0.2000 -137.9995  -50.9202 0.9829282
    0.2000 -137.8723  -51.0119 0.9813282
    0.2000 -137.7426  -51.0908 0.9784282
    0.2000 -137.6407  -51.1697 0.9758282
    0.2000 -137.5350  -51.2549 0.9722282
    0.2000 -137.4830  -51.3616 0.9636282
    0.2000 -137.6495  -51.3373 0.9467282
    0.2000 -137.7599  -51.2562 0.9388282
    0.2000 -137.8560  -51.1756 0.9335282
    0.2000 -137.9327  -51.0865 0.9271282
    0.2000 -137.9986  -50.9927 0.9238282
    0.2000 -138.0746  -50.8811 0.9197282
    0.2000 -138.1311  -50.7805 0.9151282
    0.2000 -138.1996  -50.6897 0.9134282
    0.2000 -138.2708  -50.5795 0.9099282
    0.2000 -138.3303  -50.4859 0.9071282
    0.2000 -138.4006  -50.3800 0.9042282
    0.2000 -138.5230  -50.1994 0.8996282
    0.2000 -138.5910  -50.1011 0.8977 55
    0.2000 -138.6576  -50.0047 0.8944 55
    0.2000 -138.7222  -49.9089 0.8921 55
    0.2000 -138.7849  -49.8149 0.8894 55
    0.2000 -138.8487  -49.7185 0.8869 55
    0.2000 -138.9138  -49.6184 0.8842 55
    0.2000 -139.0041  -49.4851 0.8809 55
    0.2000 -139.0684  -49.3844 0.8783 55
    0.2000 -139.1548  -49.2573 0.8747 55
    0.2000 -139.2165  -49.1616 0.8719 55
    0.2000 -139.2852  -49.0619 0.8694 55
    0.2000 -139.3440  -48.9688 0.8665 55
    0.2000 -139.4132  -48.8633 0.8635 55
    0.2000 -139.4991  -48.7268 0.8595 55
    0.2000 -139.5642  -48.6282 0.8567310
    0.2000 -139.6295  -48.5255 0.8539310
    0.2000 -139.6924  -48.4261 0.8506310
    0.2000 -139.7531  -48.3299 0.8477310
    0.2000 -139.8135  -48.2308 0.8447310
    0.2000 -139.8832  -48.1195 0.8413310
    0.2000 -139.9509  -48.0101 0.8378310
    0.2000 -140.0287  -47.8824 0.8337310
    0.2000 -140.0904  -47.7810 0.8303310
    0.2000 -140.1502  -47.6823 0.8270310
    0.2000 -140.2078  -47.5871 0.8237310
    0.2000 -140.2739  -47.4768 0.8198310
    0.2000 -140.3472  -47.3560 0.8154310
    0.2000 -140.4074  -47.2548 0.8116310
    0.2000 -140.4655  -47.1582 0.8078310
    0.2000 -140.5386  -47.0376 0.8029310
    0.2000 -140.6078  -46.9222 0.7981310
    0.2000 -140.6735  -46.8120 0.7934310
    0.2000 -140.7353  -46.7092 0.7888310
    0.2000 -140.7941  -46.6097 0.7842310
    0.2000 -140.8491  -46.5164 0.7797310
    0.2000 -140.9133  -46.4046 0.7743310
    0.2000 -140.9720  -46.3010 0.7690310
    0.2000 -141.0287  -46.1975 0.7636310
    0.2000 -141.0835  -46.0951 0.7580310
    0.2000 -141.1333  -45.9978 0.7527310
    0.2000 -141.1877  -45.8865 0.7463310
    0.2000 -141.2362  -45.7814 0.7402310
    0.2000 -141.2802  -45.6820 0.7342310
    0.2000 -141.3204  -45.5845 0.7283310
    0.2000 -141.3631  -45.4751 0.7215310
    0.2000 -141.4006  -45.3695 0.7148310
    0.2000 -141.4337  -45.2667 0.7082310
    0.2000 -141.4631  -45.1651 0.7016310
    0.2000 -141.4893  -45.0642 0.6949310
    0.2000 -141.5125  -44.9643 0.6882310
    0.2000 -141.5350  -44.8524 0.6807310
    0.2000 -141.5533  -44.7426 0.6731310
    0.2000 -141.5673  -44.6380 0.6657310
    0.2000 -141.5773  -44.5379 0.6586310
    0.2000 -141.5855  -44.4327 0.6509310
    0.2000 -141.5912  -44.3327 0.6436310
    0.2000 -141.5957  -44.2249 0.6358310
    0.2000 -141.5991  -44.1236 0.6285310
    0.2000 -141.6012  -44.0231 0.6215310
    0.2000 -141.6019  -43.9148 0.6142310
    0.2000 -141.6014  -43.8096 0.6072310
    0.2000 -141.5999  -43.6398 0.5888310
