    0.2000 -168.9980  -14.2382 0.9837142
    0.2000 -168.8748  -14.3024 0.9831142
    0.2000 -168.7688  -14.3572 0.9806142
    0.2000 -168.6581  -14.4094 0.9799142
    0.2000 -168.5583  -14.4742 0.9795142
    0.2000 -168.4567  -14.5308 0.9787142
    0.2000 -168.3535  -14.5941 0.9789142
    0.2000 -168.2346  -14.6554 0.9776142
    0.2000 -168.1113  -14.7194 0.9751142
    0.2000 -168.0187  -14.7688 0.9748142
    0.2000 -167.9168  -14.8356 0.9730142
    0.2000 -167.8240  -14.9098 0.9729142
    0.2000 -167.7022  -14.9670 0.9719 99
    0.2000 -167.6019  -15.0304 0.9701 99
    0.2000 -167.5163  -15.0944 0.9701 99
    0.2000 -167.4232  -15.1409 0.9683 99
    0.2000 -167.3218  -15.1935 0.9665 99
    0.2000 -167.2239  -15.2634 0.9657 99
    0.2000 -167.1009  -15.3460 0.9640 99
    0.2000 -166.9929  -15.4153 0.9626 99
    0.2000 -166.9018  -15.4755 0.9619 99
    0.2000 -166.7865  -15.5497 0.9597 99
    0.2000 -166.6860  -15.6175 0.9582 99
    0.2000 -166.5828  -15.6895 0.9566 99
    0.2000 -166.4846  -15.7572 0.9554 99
    0.2000 -166.3757  -15.8278 0.9529 99
    0.2000 -166.2847  -15.8907 0.9507 99
    0.2000 -166.1860  -15.9639 0.9495 99
    0.2000 -166.0810  -16.0422 0.9467 99
    0.2000 -165.9845  -16.1134 0.9441 99
    0.2000 -165.8922  -16.1801 0.9416 99
    0.2000 -165.8078  -16.2416 0.9406 99
    0.2000 -165.7049  -16.3136 0.9362 99
    0.2000 -165.5301  -16.4403 0.9314 99
    0.2000 -165.4125  -16.5191 0.9268 53
    0.2000 -165.3243  -16.5784 0.9237 53
    0.2000 -165.2375  -16.6344 0.9219 53
    0.2000 -165.1303  -16.7007 0.9175 53
    0.2000 -165.0185  -16.7666 0.9136 53
    0.2000 -164.9152  -16.8245 0.9101 53
    0.2000 -164.8137  -16.8779 0.9057 53
    0.2000 -164.6395  -16.9587 0.8989 53
    0.2000 -164.5385  -16.9976 0.8936 35
    0.2000 -164.4366  -17.0312 0.8881 35
    0.2000 -164.3344  -17.0571 0.8824 35
    0.2000 -164.1612  -17.0811 0.8716 35
    0.2000 -164.0489  -17.0826 0.8640 33
    0.2000 -163.9428  -17.0727 0.8563 33
    0.2000 -163.7888  -17.0386 0.8449 33
    0.2000 -163.6812  -17.0043 0.8368 33
    0.2000 -163.5746  -16.9622 0.8285 33
    0.2000 -163.4480  -16.9055 0.8187 33
    0.2000 -163.3537  -16.8595 0.8115 33
    0.2000 -163.2601  -16.8113 0.8042 33
    0.2000 -163.1143  -16.7329 0.7927 33
    0.2000 -163.0215  -16.6808 0.7853 33
    0.2000 -162.9290  -16.6278 0.7778 33
    0.2000 -162.7854  -16.5434 0.7660 33
    0.2000 -162.6941  -16.4882 0.7582 33
    0.2000 -162.6031  -16.4324 0.7503 33
    0.2000 -162.4617  -16.3438 0.7376 33
    0.2000 -162.3673  -16.2844 0.7291 33
    0.2000 -162.2022  -16.1812 0.7140 33
    0.2000 -162.1080  -16.1225 0.7053156
    0.2000 -162.0158  -16.0643 0.6965156
    0.2000 -161.9233  -16.0055 0.6875156
    0.2000 -161.8327  -15.9477 0.6784156
    0.2000 -161.7434  -15.8903 0.6691156
    0.2000 -161.6563  -15.8342 0.6597156
    0.2000 -161.5639  -15.7751 0.6493156
    0.2000 -161.4722  -15.7169 0.6382156
    0.2000 -161.3824  -15.6607 0.6262156
    0.2000 -161.2220  -15.5586 0.5888156
