    0.2000  -10.1384  -16.9664 0.9816380
    0.2000  -10.2356  -17.0225 0.9767380
    0.2000  -10.3437  -17.0645 0.9725380
    0.2000  -10.4399  -17.1118 0.9634380
    0.2000  -10.3641  -17.1823 0.9339380
    0.2000  -10.2514  -17.2035 0.9252380
    0.2000  -10.1468  -17.2226 0.9208380
    0.2000  -10.0301  -17.2456 0.9146380
    0.2000   -9.9211  -17.2632 0.9111380
    0.2000   -9.8007  -17.2843 0.9062380
    0.2000   -9.6854  -17.3014 0.9027380
    0.2000   -9.5773  -17.3162 0.8987380
    0.2000   -9.4471  -17.3315 0.8946 65
    0.2000   -9.3385  -17.3444 0.8918 65
    0.2000   -9.2039  -17.3611 0.8872 65
    0.2000   -9.0993  -17.3724 0.8848 65
    0.2000   -8.9768  -17.3871 0.8804 65
    0.2000   -8.8627  -17.3991 0.8774 65
    0.2000   -8.7368  -17.4122 0.8732 65
    0.2000   -8.6171  -17.4246 0.8698 65
    0.2000   -8.5086  -17.4353 0.8670 65
    0.2000   -8.3950  -17.4467 0.8637 65
    0.2000   -8.2800  -17.4583 0.8605 65
    0.2000   -8.1708  -17.4688 0.8578 65
    0.2000   -8.0659  -17.4787 0.8551 65
    0.2000   -7.9577  -17.4887 0.8521 65
    0.2000   -7.8522  -17.4982 0.8493 65
    0.2000   -7.7017  -17.5114 0.8457 65
    0.2000   -7.5789  -17.5218 0.8427 35
    0.2000   -7.4571  -17.5317 0.8398 35
    0.2000   -7.3141  -17.5427 0.8364 35
    0.2000   -7.1741  -17.5528 0.8330 35
    0.2000   -7.0370  -17.5619 0.8298 35
    0.2000   -6.9090  -17.5700 0.8270 35
    0.2000   -6.7773  -17.5781 0.8240 35
    0.2000   -6.6536  -17.5853 0.8212 35
    0.2000   -6.5288  -17.5923 0.8184 35
    0.2000   -6.4055  -17.5989 0.8156 35
    0.2000   -6.2874  -17.6047 0.8130 35
    0.2000   -6.1702  -17.6100 0.8104 33
    0.2000   -6.0598  -17.6145 0.8079 33
    0.2000   -5.9490  -17.6188 0.8054 33
    0.2000   -5.8377  -17.6230 0.8029 33
    0.2000   -5.7317  -17.6268 0.8006 33
    0.2000   -5.6259  -17.6306 0.7982 33
    0.2000   -5.4865  -17.6354 0.7951 33
    0.2000   -5.3513  -17.6400 0.7920 33
    0.2000   -5.1541  -17.6464 0.7875 33
    0.2000   -5.0266  -17.6505 0.7845 33
    0.2000   -4.9004  -17.6544 0.7816 33
    0.2000   -4.7744  -17.6583 0.7787 33
    0.2000   -4.6504  -17.6621 0.7759 33
    0.2000   -4.5266  -17.6659 0.7730 33
    0.2000   -4.4066  -17.6696 0.7703 33
    0.2000   -4.2850  -17.6734 0.7675 33
    0.2000   -4.1681  -17.6771 0.7648 33
    0.2000   -4.0492  -17.6809 0.7620 33
    0.2000   -3.9333  -17.6847 0.7593 33
    0.2000   -3.8134  -17.6885 0.7565 33
    0.2000   -3.6944  -17.6923 0.7538 33
    0.2000   -3.5779  -17.6960 0.7511 33
    0.2000   -3.4579  -17.7000 0.7484 33
    0.2000   -3.3380  -17.7040 0.7457 33
    0.2000   -3.2190  -17.7080 0.7430 33
    0.2000   -3.0994  -17.7123 0.7403 33
    0.2000   -2.9780  -17.7167 0.7375 33
    0.2000   -2.8577  -17.7212 0.7348 33
    0.2000   -2.7334  -17.7259 0.7321 33
    0.2000   -2.6088  -17.7307 0.7294 33
    0.2000   -2.4805  -17.7358 0.7266 33
    0.2000   -2.3523  -17.7410 0.7239 33
    0.2000   -2.2210  -17.7467 0.7211 33
    0.2000   -2.0669  -17.7538 0.7178 26
    0.2000   -1.9351  -17.7605 0.7151 26
    0.2000   -1.8272  -17.7662 0.7130 26
    0.2000   -1.7150  -17.7724 0.7107 26
    0.2000   -1.6021  -17.7789 0.7085 26
    0.2000   -1.4872  -17.7859 0.7064 26
    0.2000   -1.3383  -17.7954 0.7035 26
    0.2000   -1.2325  -17.8024 0.7015178
    0.2000   -1.1253  -17.8096 0.6995178
    0.2000   -1.0187  -17.8170 0.6975178
    0.2000   -0.9115  -17.8247 0.6954178
    0.2000   -0.7720  -17.8349 0.6928178
    0.2000   -0.6666  -17.8430 0.6908178
    0.2000   -0.5291  -17.8539 0.6881178
    0.2000   -0.3936  -17.8651 0.6854178
    0.2000   -0.2636  -17.8762 0.6829178
    0.2000   -0.1300  -17.8879 0.6802178
    0.2000    0.0053  -17.8999 0.6775178
    0.2000    0.1306  -17.9113 0.6750178
    0.2000    0.2583  -17.9230 0.6723178
    0.2000    0.3837  -17.9348 0.6697178
    0.2000    0.5154  -17.9476 0.6670178
    0.2000    0.6359  -17.9598 0.6644178
    0.2000    0.7635  -17.9734 0.6617178
    0.2000    0.8892  -17.9875 0.6589178
    0.2000    1.0113  -18.0019 0.6562178
    0.2000    1.1306  -18.0167 0.6535178
    0.2000    1.2476  -18.0322 0.6508178
    0.2000    1.3646  -18.0483 0.6481178
    0.2000    1.4774  -18.0645 0.6454178
    0.2000    1.5895  -18.0811 0.6427178
    0.2000    1.6999  -18.0979 0.6400178
    0.2000    1.8081  -18.1147 0.6373178
    0.2000    1.9328  -18.1344 0.6341178
    0.2000    2.0551  -18.1538 0.6309178
    0.2000    2.1744  -18.1730 0.6278178
    0.2000    2.2908  -18.1917 0.6246178
    0.2000    2.4031  -18.2097 0.6215178
    0.2000    2.5140  -18.2275 0.6183178
    0.2000    2.6206  -18.2445 0.6151178
    0.2000    2.7436  -18.2638 0.6113178
    0.2000    2.8575  -18.2813 0.6075178
    0.2000    2.9762  -18.2990 0.6030178
    0.2000    3.1569  -18.3247 0.5888178
