    0.2000 -147.9236  -17.9215 0.9825 90
    0.2000 -147.8268  -17.9809 0.9803 90
    0.2000 -147.7264  -18.0458 0.9777 90
    0.2000 -147.6303  -18.1128 0.9750 90
    0.2000 -147.5459  -18.1779 0.9726 90
    0.2000 -147.4572  -18.2518 0.9694 90
    0.2000 -147.3673  -18.3358 0.9641 90
    0.2000 -147.2760  -18.4272 0.9605 90
    0.2000 -147.2001  -18.5043 0.9573 90
    0.2000 -147.1254  -18.5829 0.9540 63
    0.2000 -147.0518  -18.6657 0.9486 63
    0.2000 -146.9799  -18.7509 0.9417 63
    0.2000 -146.9061  -18.8353 0.9346 63
    0.2000 -146.8249  -18.9140 0.9272 63
    0.2000 -146.7226  -18.9840 0.9136 63
    0.2000 -146.6111  -19.0059 0.8923 33
    0.2000 -146.5617  -18.9712 0.8727 30
    0.2000 -146.5300  -18.9175 0.8524 25
    0.2000 -146.5140  -18.8589 0.8323 25
    0.2000 -146.5161  -18.8061 0.8121 21
    0.2000 -146.5333  -18.7594 0.7919 22
    0.2000 -146.5592  -18.7177 0.7716 18
    0.2000 -146.5881  -18.6810 0.7512 23
    0.2000 -146.6173  -18.6499 0.7308 30
    0.2000 -146.6473  -18.6239 0.7102 33
    0.2000 -146.6795  -18.6013 0.6894 33
    0.2000 -146.7138  -18.5803 0.6684 33
    0.2000 -146.7491  -18.5598 0.6470 33
    0.2000 -146.7843  -18.5380 0.6251 33
    0.2000 -146.8170  -18.5136 0.6078 27
    0.2000 -146.8386  -18.4959 0.5888 24
