    0.2000    9.0679    4.2360 0.9822192
    0.2000    8.9812    4.1847 0.9794192
    0.2000    8.8834    4.1545 0.9753192
    0.2000    8.7894    4.1026 0.9704192
    0.2000    8.7162    4.0301 0.9654192
    0.2000    8.6513    3.9385 0.9607192
    0.2000    8.5906    3.8504 0.9526192
    0.2000    8.5533    3.7525 0.9464192
    0.2000    8.5317    3.6510 0.9402192
    0.2000    8.5152    3.5393 0.9338192
    0.2000    8.4887    3.4365 0.9293192
    0.2000    8.4751    3.3338 0.9240192
    0.2000    8.4412    3.1363 0.9163192
    0.2000    8.4167    3.0380 0.9135 41
    0.2000    8.3883    2.9224 0.9099 41
    0.2000    8.3634    2.8220 0.9063 41
    0.2000    8.3269    2.7139 0.9034 41
    0.2000    8.2871    2.6081 0.9000 41
    0.2000    8.2402    2.5055 0.8961 41
    0.2000    8.1947    2.4098 0.8925 41
    0.2000    8.1376    2.2952 0.8882 41
    0.2000    8.0905    2.2052 0.8845 41
    0.2000    8.0371    2.1077 0.8802 34
    0.2000    7.9833    2.0162 0.8753 34
    0.2000    7.9240    1.9165 0.8699 34
    0.2000    7.8687    1.8206 0.8646 34
    0.2000    7.7890    1.6711 0.8557 34
    0.2000    7.7448    1.5735 0.8496 33
    0.2000    7.7094    1.4790 0.8438 33
    0.2000    7.6794    1.3715 0.8373 33
    0.2000    7.6596    1.2396 0.8290 33
    0.2000    7.6557    1.1376 0.8229 33
    0.2000    7.6605    1.0328 0.8165 33
    0.2000    7.6755    0.9288 0.8102 33
    0.2000    7.6995    0.8269 0.8042 33
    0.2000    7.7287    0.7242 0.7982 33
    0.2000    7.7637    0.6213 0.7923 33
    0.2000    7.8046    0.5191 0.7864 33
    0.2000    7.8501    0.4171 0.7806 33
    0.2000    7.8981    0.3147 0.7749 33
    0.2000    7.9422    0.2248 0.7699 33
    0.2000    7.9883    0.1346 0.7650 33
    0.2000    8.0569    0.0055 0.7580 33
    0.2000    8.1064   -0.0858 0.7532 33
    0.2000    8.1569   -0.1779 0.7484 33
    0.2000    8.2082   -0.2704 0.7436 33
    0.2000    8.2905   -0.4171 0.7362 33
    0.2000    8.3441   -0.5118 0.7315 33
    0.2000    8.3989   -0.6078 0.7268 33
    0.2000    8.4543   -0.7042 0.7222 33
    0.2000    8.5435   -0.8580 0.7149 33
    0.2000    8.6015   -0.9570 0.7104 33
    0.2000    8.6527   -1.0435 0.7064 33
    0.2000    8.7044   -1.1303 0.7026 33
    0.2000    8.7573   -1.2182 0.6987 33
    0.2000    8.8202   -1.3215 0.6942 33
    0.2000    8.8756   -1.4115 0.6904 33
    0.2000    8.9320   -1.5023 0.6866 33
    0.2000    8.9904   -1.5954 0.6828 33
    0.2000    9.0496   -1.6887 0.6790 33
    0.2000    9.1313   -1.8150 0.6740 33
    0.2000    9.1950   -1.9118 0.6702 33
    0.2000    9.2605   -2.0101 0.6665 33
    0.2000    9.3164   -2.0931 0.6634 33
    0.2000    9.3742   -2.1780 0.6602 33
    0.2000    9.4335   -2.2639 0.6571 33
    0.2000    9.4946   -2.3510 0.6540 33
    0.2000    9.5580   -2.4400 0.6509 33
    0.2000    9.6238   -2.5310 0.6478 33
    0.2000    9.6913   -2.6235 0.6448 33
    0.2000    9.7612   -2.7181 0.6417 33
    0.2000    9.8338   -2.8151 0.6386 33
    0.2000    9.9399   -2.9549 0.6342 33
    0.2000   10.0145   -3.0520 0.6313 23
    0.2000   10.0946   -3.1553 0.6285 23
    0.2000   10.1648   -3.2455 0.6261 23
    0.2000   10.2383   -3.3395 0.6237 23
    0.2000   10.3150   -3.4375 0.6213 23
    0.2000   10.3948   -3.5392 0.6189 23
    0.2000   10.4668   -3.6308 0.6167 53
    0.2000   10.5367   -3.7197 0.6144 53
    0.2000   10.6015   -3.8023 0.6122 53
    0.2000   10.6752   -3.8968 0.6094 53
    0.2000   10.7396   -3.9800 0.6067 53
    0.2000   10.8098   -4.0712 0.6033 53
    0.2000   10.8769   -4.1590 0.5990 53
    0.2000   10.9424   -4.2455 0.5888 53
