    0.2000  -24.1076   14.9448 0.9831132
    0.2000  -24.2072   14.8936 0.9807132
    0.2000  -24.3207   14.8615 0.9779109
    0.2000  -24.4226   14.8408 0.9767109
    0.2000  -24.5352   14.8068 0.9734109
    0.2000  -24.6453   14.7964 0.9700109
    0.2000  -24.7547   14.7819 0.9666109
    0.2000  -24.8615   14.7813 0.9629109
    0.2000  -24.9832   14.7864 0.9587109
    0.2000  -25.1056   14.7990 0.9528109
    0.2000  -25.2914   14.8606 0.9400109
    0.2000  -25.3807   14.9141 0.9296 48
    0.2000  -25.4129   15.0282 0.9082 48
    0.2000  -25.2486   15.1136 0.8869 31
    0.2000  -25.1443   15.1536 0.8773 24
    0.2000  -25.0353   15.1964 0.8674 24
    0.2000  -24.9338   15.2402 0.8585 21
    0.2000  -24.8205   15.2933 0.8484 21
    0.2000  -24.7163   15.3453 0.8392 18
    0.2000  -24.6151   15.3986 0.8299 18
    0.2000  -24.5171   15.4523 0.8208 17
    0.2000  -24.4223   15.5063 0.8115 17
    0.2000  -24.2442   15.6129 0.7930 26
    0.2000  -24.0841   15.7166 0.7739 33
    0.2000  -23.9455   15.8176 0.7542 33
    0.2000  -23.8259   15.9230 0.7335 33
    0.2000  -23.7176   16.0458 0.7116 33
    0.2000  -23.6065   16.2055 0.6881 33
    0.2000  -23.5018   16.3724 0.6686 32
    0.2000  -23.4459   16.4618 0.6586 99
    0.2000  -23.3907   16.5481 0.6484 99
    0.2000  -23.3348   16.6328 0.6371 99
    0.2000  -23.2752   16.7192 0.6239 99
    0.2000  -23.1864   16.8374 0.5888 99
