    0.2000  164.2546    5.0269 0.9825178
    0.2000  164.3827    5.0214 0.9809178
    0.2000  164.4964    4.9826 0.9800178
    0.2000  164.6159    4.9689 0.9781178
    0.2000  164.7365    4.9717 0.9782178
    0.2000  164.8440    4.9497 0.9762178
    0.2000  164.9514    4.9187 0.9765178
    0.2000  165.0648    4.9269 0.9746178
    0.2000  165.1844    4.9024 0.9744178
    0.2000  165.3020    4.9093 0.9711178
    0.2000  165.4122    4.8943 0.9714178
    0.2000  165.5332    4.8906 0.9709178
    0.2000  165.6583    4.8851 0.9682178
    0.2000  165.7854    4.8810 0.9655178
    0.2000  165.9062    4.8610 0.9651178
    0.2000  166.0291    4.8435 0.9641178
    0.2000  166.1553    4.8422 0.9627178
    0.2000  166.2928    4.8213 0.9605178
    0.2000  166.4409    4.8249 0.9584178
    0.2000  166.5586    4.7921 0.9582178
    0.2000  166.6663    4.7864 0.9563178
    0.2000  166.7738    4.7782 0.9547178
    0.2000  166.8799    4.7413 0.9553178
    0.2000  166.9902    4.7199 0.9534178
    0.2000  167.0909    4.7030 0.9522178
    0.2000  167.1929    4.7060 0.9495178
    0.2000  167.3384    4.6924 0.9474178
    0.2000  167.4455    4.6599 0.9466178
    0.2000  167.5494    4.6430 0.9446178
    0.2000  167.6558    4.6252 0.9425178
    0.2000  167.7655    4.5946 0.9415178
    0.2000  167.8943    4.5558 0.9401178
    0.2000  168.0165    4.5287 0.9377178
    0.2000  168.1370    4.4921 0.9363178
    0.2000  168.2351    4.4670 0.9347178
    0.2000  168.3606    4.4248 0.9324178
    0.2000  168.4916    4.3776 0.9312178
    0.2000  168.5916    4.3413 0.9294178
    0.2000  168.7179    4.2863 0.9288178
    0.2000  168.8449    4.2422 0.9260178
    0.2000  168.9591    4.2110 0.9241178
    0.2000  169.0722    4.1462 0.9235178
    0.2000  169.2068    4.0788 0.9213178
    0.2000  169.2957    4.0298 0.9205178
    0.2000  169.4347    3.9630 0.9180178
    0.2000  169.5308    3.9134 0.9167178
    0.2000  169.6218    3.8598 0.9156178
    0.2000  169.7220    3.7938 0.9147 60
    0.2000  169.8305    3.7320 0.9132 60
    0.2000  169.9458    3.6621 0.9116 60
    0.2000  170.0797    3.5751 0.9099 60
    0.2000  170.1630    3.5154 0.9091 60
    0.2000  170.2432    3.4475 0.9085 60
    0.2000  170.3611    3.3786 0.9060 60
    0.2000  170.4674    3.2955 0.9046 60
    0.2000  170.5577    3.2205 0.9033 60
    0.2000  170.6343    3.1448 0.9033 60
    0.2000  170.7559    3.0393 0.9014 60
    0.2000  170.8437    2.9608 0.8992 60
    0.2000  170.9189    2.8844 0.8990 60
    0.2000  171.0031    2.8019 0.8964 60
    0.2000  171.0823    2.7216 0.8950 60
    0.2000  171.1806    2.6200 0.8933 60
    0.2000  171.2716    2.5227 0.8919 60
    0.2000  171.3570    2.4300 0.8907 60
    0.2000  171.4582    2.3221 0.8886 60
    0.2000  171.5872    2.1787 0.8863 60
    0.2000  171.6728    2.0824 0.8847 36
    0.2000  171.7560    1.9872 0.8830 36
    0.2000  171.8352    1.8947 0.8815 36
    0.2000  171.9066    1.8089 0.8805 36
    0.2000  171.9826    1.7182 0.8785 36
    0.2000  172.0567    1.6279 0.8769 36
    0.2000  172.1283    1.5392 0.8753 36
    0.2000  172.1965    1.4543 0.8738 36
    0.2000  172.2654    1.3678 0.8723 36
    0.2000  172.3313    1.2847 0.8708 36
    0.2000  172.3969    1.2015 0.8693 36
    0.2000  172.4904    1.0822 0.8671 36
    0.2000  172.5804    0.9668 0.8649 36
    0.2000  172.7013    0.8098 0.8619 36
    0.2000  172.7861    0.6991 0.8598 33
    0.2000  172.8691    0.5897 0.8577 33
    0.2000  172.9486    0.4846 0.8554 33
    0.2000  173.0280    0.3787 0.8531 33
    0.2000  173.1026    0.2791 0.8508 33
    0.2000  173.1774    0.1790 0.8486 33
    0.2000  173.2499    0.0826 0.8462 33
    0.2000  173.3206   -0.0119 0.8440 33
    0.2000  173.3884   -0.1025 0.8419 33
    0.2000  173.4993   -0.2510 0.8382 33
    0.2000  173.5641   -0.3376 0.8358 33
    0.2000  173.6273   -0.4219 0.8336 33
    0.2000  173.6887   -0.5039 0.8313 33
    0.2000  173.7671   -0.6083 0.8281 33
    0.2000  173.8443   -0.7109 0.8252 33
    0.2000  173.9192   -0.8102 0.8221 33
    0.2000  173.9938   -0.9088 0.8189 33
    0.2000  174.1166   -1.0711 0.8135 33
    0.2000  174.1834   -1.1597 0.8103 33
    0.2000  174.2502   -1.2487 0.8070 33
    0.2000  174.3136   -1.3339 0.8038 33
    0.2000  174.3752   -1.4176 0.8006 33
    0.2000  174.4356   -1.5006 0.7973 33
    0.2000  174.5081   -1.6018 0.7932 33
    0.2000  174.6057   -1.7413 0.7873 33
    0.2000  174.6667   -1.8315 0.7833 33
    0.2000  174.7264   -1.9222 0.7793 33
    0.2000  174.7840   -2.0129 0.7753 33
    0.2000  174.8402   -2.1043 0.7711 33
    0.2000  174.9123   -2.2269 0.7655 33
    0.2000  174.9620   -2.3155 0.7613223
    0.2000  175.0167   -2.4161 0.7564223
    0.2000  175.0690   -2.5165 0.7513223
    0.2000  175.1164   -2.6127 0.7461223
    0.2000  175.1649   -2.7174 0.7401223
    0.2000  175.2058   -2.8118 0.7344223
    0.2000  175.2479   -2.9158 0.7277223
    0.2000  175.2845   -3.0139 0.7209223
    0.2000  175.3195   -3.1147 0.7130223
    0.2000  175.3521   -3.2173 0.7041223
    0.2000  175.3806   -3.3182 0.6938223
    0.2000  175.4052   -3.4202 0.6813223
    0.2000  175.4216   -3.5221 0.6651223
    0.2000  175.4056   -3.7083 0.5888223
