    0.2000 -129.9950   45.8967 0.9831184
    0.2000 -129.8517   45.8588 0.9801184
    0.2000 -129.9595   45.7903 0.9812184
    0.2000 -129.8255   45.7352 0.9772184
    0.2000 -129.8794   45.6251 0.9766184
    0.2000 -129.8870   45.5096 0.9732184
    0.2000 -129.9192   45.3928 0.9708184
    0.2000 -129.9963   45.2953 0.9709184
    0.2000 -130.0268   45.1928 0.9684184
    0.2000 -130.1059   45.0591 0.9640184
    0.2000 -130.1672   44.9421 0.9617184
    0.2000 -130.2264   44.8421 0.9595184
    0.2000 -130.2889   44.7409 0.9584184
    0.2000 -130.3509   44.6363 0.9563184
    0.2000 -130.4112   44.5397 0.9539184
    0.2000 -130.4749   44.4427 0.9522184
    0.2000 -130.5325   44.3494 0.9494184
    0.2000 -130.6076   44.2266 0.9482184
    0.2000 -130.6783   44.1265 0.9450184
    0.2000 -130.7427   44.0334 0.9424184
    0.2000 -130.8099   43.9268 0.9405184
    0.2000 -130.8842   43.8103 0.9379184
    0.2000 -130.9420   43.7170 0.9348184
    0.2000 -131.0010   43.6205 0.9320184
    0.2000 -131.0483   43.5256 0.9304184
    0.2000 -131.1080   43.4166 0.9279184
    0.2000 -131.1643   43.3146 0.9243184
    0.2000 -131.2116   43.2142 0.9229184
    0.2000 -131.2628   43.1144 0.9197184
    0.2000 -131.3138   43.0014 0.9164184
    0.2000 -131.3684   42.8791 0.9134184
    0.2000 -131.4200   42.7615 0.9102184
    0.2000 -131.4978   42.5627 0.9053184
    0.2000 -131.5387   42.4513 0.9018 56
    0.2000 -131.5703   42.3524 0.8993 56
    0.2000 -131.6056   42.2294 0.8948 56
    0.2000 -131.6384   42.1100 0.8908 56
    0.2000 -131.6660   42.0010 0.8872 56
    0.2000 -131.6899   41.8953 0.8840 56
    0.2000 -131.7160   41.7691 0.8794 56
    0.2000 -131.7333   41.6671 0.8763 56
    0.2000 -131.7492   41.5646 0.8725 56
    0.2000 -131.7655   41.4456 0.8685 56
    0.2000 -131.7797   41.3274 0.8648 56
    0.2000 -131.7961   41.1649 0.8594 56
    0.2000 -131.8050   41.0486 0.8559 37
    0.2000 -131.8119   40.9308 0.8520 37
    0.2000 -131.8175   40.8121 0.8484 37
    0.2000 -131.8222   40.6980 0.8451 37
    0.2000 -131.8259   40.5784 0.8417 37
    0.2000 -131.8289   40.4642 0.8385 37
    0.2000 -131.8310   40.3476 0.8353 37
    0.2000 -131.8324   40.2325 0.8320 37
    0.2000 -131.8331   40.1159 0.8289 37
    0.2000 -131.8343   39.9263 0.8240 37
    0.2000 -131.8351   39.8166 0.8213 33
    0.2000 -131.8357   39.7026 0.8185 33
    0.2000 -131.8360   39.5871 0.8155 33
    0.2000 -131.8363   39.4777 0.8130 33
    0.2000 -131.8365   39.3673 0.8102 33
    0.2000 -131.8366   39.2557 0.8075 33
    0.2000 -131.8370   39.1478 0.8050 33
    0.2000 -131.8378   39.0389 0.8025 33
    0.2000 -131.8392   38.9295 0.7999 33
    0.2000 -131.8427   38.7510 0.7960 33
    0.2000 -131.8456   38.6442 0.7936 33
    0.2000 -131.8489   38.5369 0.7912 33
    0.2000 -131.8527   38.4306 0.7888 33
    0.2000 -131.8569   38.3266 0.7865 33
    0.2000 -131.8615   38.2226 0.7842 33
    0.2000 -131.8666   38.1199 0.7820 33
    0.2000 -131.8723   38.0174 0.7798 33
    0.2000 -131.8786   37.9156 0.7776 33
    0.2000 -131.8855   37.8135 0.7754 33
    0.2000 -131.8985   37.6447 0.7718 33
    0.2000 -131.9070   37.5439 0.7696 33
    0.2000 -131.9161   37.4441 0.7676 33
    0.2000 -131.9289   37.3114 0.7648 33
    0.2000 -131.9423   37.1809 0.7620 33
    0.2000 -131.9563   37.0514 0.7593 33
    0.2000 -131.9712   36.9220 0.7566 33
    0.2000 -131.9867   36.7935 0.7539 33
    0.2000 -132.0113   36.6019 0.7499 33
    0.2000 -132.0285   36.4751 0.7472 33
    0.2000 -132.0461   36.3491 0.7446 33
    0.2000 -132.0642   36.2233 0.7420 33
    0.2000 -132.0824   36.0992 0.7394 33
    0.2000 -132.1010   35.9757 0.7368 33
    0.2000 -132.1198   35.8532 0.7342 33
    0.2000 -132.1391   35.7308 0.7317 33
    0.2000 -132.1588   35.6079 0.7291 33
    0.2000 -132.1786   35.4865 0.7266 33
    0.2000 -132.1987   35.3656 0.7240 33
    0.2000 -132.2190   35.2441 0.7215 33
    0.2000 -132.2389   35.1249 0.7190 33
    0.2000 -132.2588   35.0060 0.7165 33
    0.2000 -132.2790   34.8871 0.7139 33
    0.2000 -132.2996   34.7683 0.7114 33
    0.2000 -132.3203   34.6504 0.7089 33
    0.2000 -132.3412   34.5329 0.7064 33
    0.2000 -132.3623   34.4157 0.7039 33
    0.2000 -132.3837   34.2979 0.7013 33
    0.2000 -132.4051   34.1813 0.6988 33
    0.2000 -132.4263   34.0650 0.6963 33
    0.2000 -132.4474   33.9500 0.6937 33
    0.2000 -132.4689   33.8345 0.6912 33
    0.2000 -132.4908   33.7187 0.6886 33
    0.2000 -132.5131   33.6024 0.6860 33
    0.2000 -132.5356   33.4875 0.6834 33
    0.2000 -132.5585   33.3717 0.6808 33
    0.2000 -132.5814   33.2569 0.6782 33
    0.2000 -132.6048   33.1412 0.6756 33
    0.2000 -132.6280   33.0268 0.6729 33
    0.2000 -132.6514   32.9119 0.6703 33
    0.2000 -132.6756   32.7958 0.6676 33
    0.2000 -132.7001   32.6799 0.6649 33
    0.2000 -132.7252   32.5632 0.6622 33
    0.2000 -132.7508   32.4461 0.6594 33
    0.2000 -132.7768   32.3286 0.6567 33
    0.2000 -132.8033   32.2099 0.6539 33
    0.2000 -132.8301   32.0910 0.6511 33
    0.2000 -132.8572   31.9717 0.6483 33
    0.2000 -132.8856   31.8496 0.6455 33
    0.2000 -132.9155   31.7270 0.6427 33
    0.2000 -132.9413   31.6251 0.6405 33
    0.2000 -132.9688   31.5201 0.6383 33
    0.2000 -132.9980   31.4110 0.6361 33
    0.2000 -133.0289   31.2986 0.6338 33
    0.2000 -133.0616   31.1821 0.6315 33
    0.2000 -133.1228   30.9704 0.6275 33
    0.2000 -133.1525   30.8685 0.6255 64
    0.2000 -133.1814   30.7693 0.6235 64
    0.2000 -133.2164   30.6488 0.6209 64
    0.2000 -133.2471   30.5431 0.6184 64
    0.2000 -133.2761   30.4432 0.6159 64
    0.2000 -133.3096   30.3280 0.6128 64
    0.2000 -133.3403   30.2233 0.6097 64
    0.2000 -133.3735   30.1122 0.6061 64
    0.2000 -133.4040   30.0120 0.6024 64
    0.2000 -133.4563   29.8395 0.5888 64
