    0.2000   33.9249    5.8065 0.9809167
    0.2000   33.9344    5.6934 0.9799167
    0.2000   33.9586    5.5724 0.9739167
    0.2000   33.9939    5.4720 0.9712125
    0.2000   34.0138    5.3515 0.9689125
    0.2000   34.0541    5.2569 0.9653125
    0.2000   34.0899    5.1469 0.9631125
    0.2000   34.1195    5.0491 0.9607125
    0.2000   34.1336    4.9465 0.9588125
    0.2000   34.1620    4.8430 0.9565125
    0.2000   34.1970    4.7355 0.9521125
    0.2000   34.2066    4.6263 0.9501125
    0.2000   34.2300    4.5149 0.9462125
    0.2000   34.2349    4.4020 0.9443125
    0.2000   34.2525    4.2920 0.9405125
    0.2000   34.2494    4.1690 0.9386125
    0.2000   34.2473    4.0503 0.9353125
    0.2000   34.2494    3.9283 0.9314125
    0.2000   34.2454    3.8272 0.9284125
    0.2000   34.2315    3.7102 0.9263125
    0.2000   34.2168    3.5895 0.9237125
    0.2000   34.1945    3.4667 0.9215125
    0.2000   34.1747    3.3582 0.9192125
    0.2000   34.1467    3.2056 0.9155125
    0.2000   34.1221    3.0884 0.9133 55
    0.2000   34.1001    2.9849 0.9116 55
    0.2000   34.0784    2.8831 0.9091 55
    0.2000   34.0519    2.7718 0.9069 55
    0.2000   34.0225    2.6521 0.9049 55
    0.2000   33.9945    2.5453 0.9022 55
    0.2000   33.9626    2.4241 0.8996 55
    0.2000   33.9193    2.2800 0.8968 55
    0.2000   33.8866    2.1677 0.8941 55
    0.2000   33.8443    2.0394 0.8918 55
    0.2000   33.8088    1.9245 0.8890 55
    0.2000   33.7644    1.7965 0.8866 55
    0.2000   33.7310    1.7001 0.8845 55
    0.2000   33.6661    1.5202 0.8805 55
    0.2000   33.6184    1.3972 0.8781 36
    0.2000   33.5668    1.2636 0.8745 36
    0.2000   33.5178    1.1451 0.8720 36
    0.2000   33.4674    1.0253 0.8693 36
    0.2000   33.4169    0.9090 0.8666 36
    0.2000   33.3651    0.7928 0.8639 36
    0.2000   33.3111    0.6747 0.8612 36
    0.2000   33.2605    0.5685 0.8587 36
    0.2000   33.2074    0.4595 0.8561 36
    0.2000   33.1178    0.2814 0.8516 36
    0.2000   33.0661    0.1824 0.8493 33
    0.2000   33.0124    0.0807 0.8468 33
    0.2000   32.9589   -0.0192 0.8442 33
    0.2000   32.9061   -0.1152 0.8421 33
    0.2000   32.8520   -0.2130 0.8395 33
    0.2000   32.7997   -0.3059 0.8371 33
    0.2000   32.7469   -0.3978 0.8347 33
    0.2000   32.6944   -0.4876 0.8326 33
    0.2000   32.6404   -0.5792 0.8299 33
    0.2000   32.5535   -0.7242 0.8260 33
    0.2000   32.5001   -0.8124 0.8236 33
    0.2000   32.4317   -0.9242 0.8206 33
    0.2000   32.3628   -1.0355 0.8176 33
    0.2000   32.2938   -1.1459 0.8145 33
    0.2000   32.2258   -1.2535 0.8114 33
    0.2000   32.1581   -1.3595 0.8082 33
    0.2000   32.0909   -1.4640 0.8051 33
    0.2000   32.0077   -1.5928 0.8013 33
    0.2000   31.9414   -1.6949 0.7982 33
    0.2000   31.8756   -1.7958 0.7952 33
    0.2000   31.8099   -1.8962 0.7920 33
    0.2000   31.7448   -1.9954 0.7889 33
    0.2000   31.6796   -2.0941 0.7857 33
    0.2000   31.6150   -2.1922 0.7826 33
    0.2000   31.5511   -2.2889 0.7794 33
    0.2000   31.4869   -2.3865 0.7762 33
    0.2000   31.4242   -2.4822 0.7731 33
    0.2000   31.3600   -2.5803 0.7698 33
    0.2000   31.2976   -2.6763 0.7666 33
    0.2000   31.2349   -2.7731 0.7633 33
    0.2000   31.1730   -2.8691 0.7600 33
    0.2000   31.1097   -2.9679 0.7566 33
    0.2000   31.0488   -3.0638 0.7533 33
    0.2000   30.9869   -3.1621 0.7499 33
    0.2000   30.9272   -3.2579 0.7466 33
    0.2000   30.8673   -3.3553 0.7432 33
    0.2000   30.8069   -3.4548 0.7398 33
    0.2000   30.7466   -3.5555 0.7363 33
    0.2000   30.6859   -3.6583 0.7328 33
    0.2000   30.6001   -3.8058 0.7278 33
    0.2000   30.5386   -3.9130 0.7241179
    0.2000   30.4764   -4.0216 0.7203179
    0.2000   30.4194   -4.1215 0.7167179
    0.2000   30.3595   -4.2271 0.7128179
    0.2000   30.3066   -4.3204 0.7093179
    0.2000   30.2512   -4.4185 0.7055179
    0.2000   30.1992   -4.5108 0.7019179
    0.2000   30.1351   -4.6248 0.6973179
    0.2000   30.0854   -4.7134 0.6937179
    0.2000   30.0288   -4.8144 0.6894179
    0.2000   29.9744   -4.9113 0.6852179
    0.2000   29.9174   -5.0129 0.6806179
    0.2000   29.8660   -5.1041 0.6763179
    0.2000   29.8080   -5.2065 0.6714179
    0.2000   29.7553   -5.2989 0.6667179
    0.2000   29.7002   -5.3944 0.6617179
    0.2000   29.6469   -5.4859 0.6567179
    0.2000   29.5950   -5.5738 0.6517179
    0.2000   29.5381   -5.6688 0.6459179
    0.2000   29.4833   -5.7592 0.6401179
    0.2000   29.4257   -5.8527 0.6336179
    0.2000   29.3718   -5.9385 0.6272179
    0.2000   29.3172   -6.0244 0.6200179
    0.2000   29.2603   -6.1130 0.6114179
    0.2000   29.1820   -6.2337 0.5888179
