    0.2000  -31.9497   -4.0258 0.9820292
    0.2000  -31.8474   -4.0231 0.9760292
    0.2000  -31.7420   -3.9953 0.9731292
    0.2000  -31.6455   -3.9405 0.9668292
    0.2000  -31.5777   -3.8658 0.9611292
    0.2000  -31.4732   -3.8254 0.9602292
    0.2000  -31.3840   -3.7745 0.9562292
    0.2000  -31.3034   -3.6996 0.9518292
    0.2000  -31.2159   -3.6412 0.9488292
    0.2000  -31.1139   -3.5973 0.9460292
    0.2000  -31.0321   -3.5250 0.9407292
    0.2000  -30.9393   -3.4690 0.9379292
    0.2000  -30.8428   -3.4259 0.9350292
    0.2000  -30.7511   -3.3800 0.9322292
    0.2000  -30.6491   -3.3375 0.9304292
    0.2000  -30.5460   -3.2872 0.9274292
    0.2000  -30.4459   -3.2462 0.9245292
    0.2000  -30.3377   -3.1999 0.9220292
    0.2000  -30.2218   -3.1507 0.9179292
    0.2000  -30.1205   -3.1137 0.9158292
    0.2000  -29.9976   -3.0717 0.9137292
    0.2000  -29.8845   -3.0375 0.9124292
    0.2000  -29.7827   -3.0010 0.9101292
    0.2000  -29.6700   -2.9631 0.9078292
    0.2000  -29.4596   -2.8984 0.9043292
    0.2000  -29.3543   -2.8666 0.9022 60
    0.2000  -29.2533   -2.8386 0.9002 60
    0.2000  -29.1483   -2.8102 0.8989 60
    0.2000  -29.0229   -2.7780 0.8956 60
    0.2000  -28.9238   -2.7515 0.8934 60
    0.2000  -28.8023   -2.7198 0.8913 60
    0.2000  -28.6713   -2.6852 0.8886 60
    0.2000  -28.5454   -2.6512 0.8859 60
    0.2000  -28.4264   -2.6191 0.8835 60
    0.2000  -28.3051   -2.5856 0.8807 60
    0.2000  -28.1881   -2.5535 0.8785 60
    0.2000  -28.0756   -2.5215 0.8761 60
    0.2000  -27.9570   -2.4867 0.8730 60
    0.2000  -27.8433   -2.4527 0.8704 60
    0.2000  -27.7310   -2.4171 0.8677 60
    0.2000  -27.6178   -2.3800 0.8649 60
    0.2000  -27.5090   -2.3430 0.8625 60
    0.2000  -27.3970   -2.3032 0.8600355
    0.2000  -27.3012   -2.2678 0.8576355
    0.2000  -27.2068   -2.2318 0.8552355
    0.2000  -27.0875   -2.1843 0.8522355
    0.2000  -26.9655   -2.1332 0.8492355
    0.2000  -26.8504   -2.0826 0.8463355
    0.2000  -26.7384   -2.0311 0.8436355
    0.2000  -26.6277   -1.9781 0.8408355
    0.2000  -26.5198   -1.9243 0.8382355
    0.2000  -26.4135   -1.8695 0.8355355
    0.2000  -26.3113   -1.8150 0.8332355
    0.2000  -26.2079   -1.7582 0.8304355
    0.2000  -26.1107   -1.7036 0.8280355
    0.2000  -26.0111   -1.6458 0.8255355
    0.2000  -25.9150   -1.5888 0.8232355
    0.2000  -25.8190   -1.5304 0.8208355
    0.2000  -25.7241   -1.4713 0.8184355
    0.2000  -25.6340   -1.4145 0.8163355
    0.2000  -25.5408   -1.3539 0.8140355
    0.2000  -25.4542   -1.2974 0.8119355
    0.2000  -25.3654   -1.2380 0.8096355
    0.2000  -25.2770   -1.1780 0.8074355
    0.2000  -25.1910   -1.1192 0.8053355
    0.2000  -25.1039   -1.0587 0.8030355
    0.2000  -25.0209   -1.0009 0.8010355
    0.2000  -24.9373   -0.9417 0.7989355
    0.2000  -24.8192   -0.8574 0.7960355
    0.2000  -24.7063   -0.7761 0.7932355
    0.2000  -24.5911   -0.6922 0.7901355
    0.2000  -24.4766   -0.6083 0.7872355
    0.2000  -24.3621   -0.5238 0.7843355
    0.2000  -24.2527   -0.4422 0.7814355
    0.2000  -24.1468   -0.3629 0.7787355
    0.2000  -24.0397   -0.2813 0.7758355
    0.2000  -23.9336   -0.2001 0.7730355
    0.2000  -23.8336   -0.1227 0.7703355
    0.2000  -23.7288   -0.0406 0.7675355
    0.2000  -23.6354    0.0329 0.7649355
    0.2000  -23.5394    0.1094 0.7622355
    0.2000  -23.4460    0.1849 0.7595355
    0.2000  -23.3551    0.2589 0.7569355
    0.2000  -23.2637    0.3346 0.7542355
    0.2000  -23.1756    0.4084 0.7516355
    0.2000  -23.0892    0.4822 0.7490355
    0.2000  -23.0081    0.5528 0.7464355
    0.2000  -22.9259    0.6258 0.7438355
    0.2000  -22.8486    0.6959 0.7414355
    0.2000  -22.7691    0.7699 0.7387355
    0.2000  -22.6947    0.8405 0.7362355
    0.2000  -22.6187    0.9144 0.7336355
    0.2000  -22.5468    0.9861 0.7311355
    0.2000  -22.4739    1.0606 0.7285355
    0.2000  -22.3872    1.1516 0.7254355
    0.2000  -22.3046    1.2406 0.7223355
    0.2000  -22.2182    1.3363 0.7189355
    0.2000  -22.1375    1.4284 0.7157355
    0.2000  -22.0598    1.5199 0.7125355
    0.2000  -21.9849    1.6108 0.7093355
    0.2000  -21.9129    1.7010 0.7062355
    0.2000  -21.8453    1.7885 0.7031355
    0.2000  -21.7805    1.8758 0.7001355
    0.2000  -21.7207    1.9599 0.6971355
    0.2000  -21.6633    2.0438 0.6942355
    0.2000  -21.6056    2.1316 0.6912355
    0.2000  -21.5505    2.2187 0.6882355
    0.2000  -21.4961    2.3088 0.6850355
    0.2000  -21.4366    2.4121 0.6814355
    0.2000  -21.3814    2.5129 0.6779355
    0.2000  -21.3288    2.6138 0.6743355
    0.2000  -21.2779    2.7163 0.6707355
    0.2000  -21.2296    2.8180 0.6670355
    0.2000  -21.1829    2.9209 0.6632355
    0.2000  -21.1392    3.0231 0.6593355
    0.2000  -21.0981    3.1254 0.6555355
    0.2000  -21.0610    3.2243 0.6517355
    0.2000  -21.0277    3.3191 0.6480355
    0.2000  -20.9919    3.4270 0.6437355
    0.2000  -20.9587    3.5341 0.6392355
    0.2000  -20.9299    3.6340 0.6349355
    0.2000  -20.9008    3.7432 0.6301355
    0.2000  -20.8766    3.8410 0.6255355
    0.2000  -20.8526    3.9435 0.6203355
    0.2000  -20.8284    4.0513 0.6141355
    0.2000  -20.8060    4.1561 0.6071355
    0.2000  -20.7802    4.2857 0.5888355
