    0.2000  -91.4946   -1.8664 0.9840254
    0.2000  -91.6023   -1.8914 0.9836254
    0.2000  -91.7211   -1.9126 0.9831254
    0.2000  -91.8281   -1.9309 0.9827254
    0.2000  -91.9347   -1.9576 0.9815254
    0.2000  -92.0383   -1.9587 0.9797254
    0.2000  -92.1561   -1.9801 0.9798254
    0.2000  -92.2556   -2.0032 0.9790158
    0.2000  -92.4032   -2.0156 0.9765158
    0.2000  -92.5288   -2.0404 0.9758158
    0.2000  -92.6347   -2.0685 0.9750158
    0.2000  -92.7534   -2.0807 0.9738158
    0.2000  -92.8687   -2.0831 0.9718158
    0.2000  -92.9781   -2.1002 0.9718158
    0.2000  -93.1146   -2.1046 0.9690158
    0.2000  -93.2129   -2.1456 0.9707158
    0.2000  -93.3180   -2.1426 0.9682158
    0.2000  -93.4527   -2.1672 0.9678158
    0.2000  -93.5679   -2.1800 0.9654158
    0.2000  -93.6877   -2.1955 0.9641158
    0.2000  -93.8047   -2.2077 0.9625158
    0.2000  -93.9234   -2.2316 0.9629158
    0.2000  -94.0442   -2.2390 0.9601158
    0.2000  -94.1583   -2.2525 0.9583158
    0.2000  -94.2800   -2.2785 0.9585158
    0.2000  -94.3814   -2.2920 0.9570158
    0.2000  -94.4894   -2.3049 0.9552158
    0.2000  -94.6455   -2.3396 0.9555158
    0.2000  -94.7566   -2.3484 0.9525158
    0.2000  -94.8810   -2.3763 0.9526158
    0.2000  -94.9830   -2.3961 0.9515158
    0.2000  -95.1188   -2.4144 0.9496158
    0.2000  -95.2182   -2.4396 0.9492158
    0.2000  -95.3313   -2.4554 0.9461158
    0.2000  -95.4445   -2.4809 0.9459158
    0.2000  -95.5586   -2.5009 0.9448158
    0.2000  -95.6738   -2.5304 0.9440158
    0.2000  -95.7738   -2.5519 0.9418158
    0.2000  -95.9159   -2.5799 0.9413158
    0.2000  -96.0180   -2.6066 0.9396 68
    0.2000  -96.1178   -2.6301 0.9382 68
    0.2000  -96.2177   -2.6601 0.9377 68
    0.2000  -96.3318   -2.6857 0.9366 68
    0.2000  -96.4348   -2.7092 0.9355 68
    0.2000  -96.5349   -2.7429 0.9329 68
    0.2000  -96.6493   -2.7738 0.9328 68
    0.2000  -96.7954   -2.8184 0.9311 68
    0.2000  -96.8995   -2.8529 0.9291 68
    0.2000  -97.0092   -2.8900 0.9285 68
    0.2000  -97.1232   -2.9277 0.9265 68
    0.2000  -97.2362   -2.9609 0.9266 68
    0.2000  -97.3457   -3.0050 0.9243 68
    0.2000  -97.4359   -3.0507 0.9221 68
    0.2000  -97.5442   -3.0923 0.9218 68
    0.2000  -97.6549   -3.1247 0.9217 68
    0.2000  -97.7576   -3.1810 0.9193 68
    0.2000  -97.8783   -3.2311 0.9175 68
    0.2000  -98.0018   -3.2854 0.9160 68
    0.2000  -98.1117   -3.3329 0.9153 68
    0.2000  -98.2639   -3.3953 0.9144 68
    0.2000  -98.4063   -3.4739 0.9113 42
    0.2000  -98.5388   -3.5265 0.9110 42
    0.2000  -98.6408   -3.5864 0.9087 42
    0.2000  -98.7376   -3.6326 0.9076 42
    0.2000  -98.8670   -3.7020 0.9058 42
    0.2000  -98.9988   -3.7647 0.9046 42
    0.2000  -99.0914   -3.8141 0.9033 42
    0.2000  -99.1796   -3.8630 0.9027 42
    0.2000  -99.2872   -3.9213 0.9007 42
    0.2000  -99.3950   -3.9833 0.8991 42
    0.2000  -99.5141   -4.0497 0.8974 42
    0.2000  -99.6341   -4.1199 0.8950 42
    0.2000  -99.7493   -4.1874 0.8933 42
    0.2000  -99.8676   -4.2605 0.8912 33
    0.2000  -99.9850   -4.3347 0.8892 33
    0.2000 -100.0967   -4.4045 0.8872 33
    0.2000 -100.2045   -4.4696 0.8857 33
    0.2000 -100.3154   -4.5413 0.8835 33
    0.2000 -100.4220   -4.6089 0.8820 33
    0.2000 -100.5320   -4.6823 0.8795 33
    0.2000 -100.6391   -4.7522 0.8776 33
    0.2000 -100.7462   -4.8244 0.8757 33
    0.2000 -100.9132   -4.9316 0.8725 33
    0.2000 -101.0193   -5.0051 0.8701 33
    0.2000 -101.1247   -5.0778 0.8679 33
    0.2000 -101.2269   -5.1475 0.8659 33
    0.2000 -101.3294   -5.2193 0.8637 33
    0.2000 -101.4279   -5.2872 0.8618 33
    0.2000 -101.5300   -5.3600 0.8596 33
    0.2000 -101.6298   -5.4306 0.8577 33
    0.2000 -101.7302   -5.5024 0.8558 33
    0.2000 -101.8281   -5.5715 0.8535 33
    0.2000 -101.9948   -5.6908 0.8499 33
    0.2000 -102.0985   -5.7660 0.8476 33
    0.2000 -102.1974   -5.8365 0.8456 33
    0.2000 -102.2984   -5.9086 0.8436 33
    0.2000 -102.4009   -5.9821 0.8414 33
    0.2000 -102.5015   -6.0537 0.8391 33
    0.2000 -102.6044   -6.1275 0.8372 33
    0.2000 -102.7076   -6.2009 0.8349 33
    0.2000 -102.8107   -6.2746 0.8327 33
    0.2000 -102.9130   -6.3471 0.8305 33
    0.2000 -103.0875   -6.4708 0.8268 33
    0.2000 -103.1935   -6.5458 0.8247 33
    0.2000 -103.2990   -6.6191 0.8225 33
    0.2000 -103.4081   -6.6954 0.8201 33
    0.2000 -103.5161   -6.7701 0.8179 33
    0.2000 -103.6260   -6.8460 0.8156 33
    0.2000 -103.7363   -6.9217 0.8134 33
    0.2000 -103.8472   -6.9976 0.8110 33
    0.2000 -103.9596   -7.0740 0.8086 33
    0.2000 -104.0723   -7.1503 0.8063 33
    0.2000 -104.2646   -7.2801 0.8023 33
    0.2000 -104.3553   -7.3399 0.8005 33
    0.2000 -104.4477   -7.4009 0.7986 33
    0.2000 -104.5412   -7.4613 0.7967 33
    0.2000 -104.6371   -7.5233 0.7948 33
    0.2000 -104.7335   -7.5843 0.7929 33
    0.2000 -104.8314   -7.6460 0.7910 33
    0.2000 -104.9311   -7.7083 0.7890 33
    0.2000 -105.0308   -7.7698 0.7872 33
    0.2000 -105.1345   -7.8341 0.7850 33
    0.2000 -105.3088   -7.9414 0.7816 33
    0.2000 -105.4281   -8.0146 0.7793235
    0.2000 -105.5454   -8.0895 0.7768235
    0.2000 -105.6587   -8.1637 0.7743235
    0.2000 -105.7674   -8.2364 0.7718235
    0.2000 -105.8688   -8.3063 0.7695235
    0.2000 -105.9677   -8.3762 0.7671235
    0.2000 -106.0701   -8.4515 0.7644235
    0.2000 -106.1716   -8.5273 0.7617235
    0.2000 -106.2750   -8.6073 0.7588235
    0.2000 -106.3698   -8.6822 0.7561235
    0.2000 -106.4645   -8.7598 0.7533235
    0.2000 -106.5502   -8.8310 0.7507235
    0.2000 -106.6363   -8.9044 0.7480235
    0.2000 -106.7224   -8.9798 0.7451235
    0.2000 -106.8222   -9.0693 0.7417235
    0.2000 -106.9205   -9.1600 0.7383235
    0.2000 -106.9941   -9.2294 0.7356235
    0.2000 -107.0677   -9.3004 0.7328235
    0.2000 -107.1605   -9.3917 0.7292235
    0.2000 -107.2532   -9.4857 0.7255235
    0.2000 -107.3452   -9.5820 0.7216235
    0.2000 -107.4343   -9.6784 0.7176235
    0.2000 -107.5223   -9.7770 0.7135235
    0.2000 -107.5981   -9.8649 0.7097235
    0.2000 -107.6709   -9.9524 0.7060235
    0.2000 -107.7409  -10.0401 0.7021235
    0.2000 -107.8176  -10.1401 0.6977235
    0.2000 -107.8894  -10.2386 0.6932235
    0.2000 -107.9517  -10.3291 0.6890235
    0.2000 -108.0113  -10.4207 0.6847235
    0.2000 -108.0640  -10.5075 0.6806235
    0.2000 -108.1141  -10.5965 0.6763235
    0.2000 -108.1669  -10.6993 0.6712235
    0.2000 -108.2134  -10.8001 0.6661235
    0.2000 -108.2530  -10.8971 0.6611235
    0.2000 -108.2908  -11.0046 0.6553235
    0.2000 -108.3200  -11.1072 0.6496235
    0.2000 -108.3434  -11.2078 0.6439235
    0.2000 -108.3626  -11.3108 0.6377235
    0.2000 -108.3770  -11.4197 0.6307235
    0.2000 -108.3858  -11.5254 0.6232235
    0.2000 -108.3925  -11.6260 0.6151235
    0.2000 -108.4035  -11.7927 0.5888235
