    0.2000    5.8915   22.8314 0.9800166
    0.2000    5.8009   22.7711 0.9764166
    0.2000    5.7005   22.7070 0.9722166
    0.2000    5.6040   22.6582 0.9694166
    0.2000    5.4980   22.6034 0.9635166
    0.2000    5.4011   22.5583 0.9598166
    0.2000    5.2912   22.5069 0.9560166
    0.2000    5.1942   22.4606 0.9513166
    0.2000    5.0927   22.4124 0.9473166
    0.2000    4.9768   22.3557 0.9424166
    0.2000    4.8171   22.2799 0.9330166
    0.2000    4.7233   22.2292 0.9290 69
    0.2000    4.6250   22.1738 0.9243 69
    0.2000    4.5227   22.1112 0.9187 69
    0.2000    4.4185   22.0474 0.9136 69
    0.2000    4.3273   21.9925 0.9098 69
    0.2000    4.2327   21.9360 0.9064 69
    0.2000    4.1410   21.8815 0.9016 69
    0.2000    4.0457   21.8247 0.8972 69
    0.2000    3.9403   21.7622 0.8925 69
    0.2000    3.8158   21.6881 0.8864 69
    0.2000    3.7091   21.6250 0.8816 40
    0.2000    3.6138   21.5686 0.8767 40
    0.2000    3.5086   21.5059 0.8710 40
    0.2000    3.4059   21.4438 0.8658 40
    0.2000    3.3083   21.3838 0.8608 40
    0.2000    3.1472   21.2806 0.8524 40
    0.2000    3.0547   21.2194 0.8477 33
    0.2000    2.9632   21.1578 0.8429 33
    0.2000    2.8743   21.0971 0.8384 33
    0.2000    2.7871   21.0363 0.8338 33
    0.2000    2.6880   20.9656 0.8284 33
    0.2000    2.5923   20.8967 0.8233 33
    0.2000    2.4979   20.8286 0.8182 33
    0.2000    2.4051   20.7618 0.8132 33
    0.2000    2.3170   20.6988 0.8083 33
    0.2000    2.2316   20.6382 0.8035 33
    0.2000    2.1187   20.5578 0.7974 33
    0.2000    2.0207   20.4888 0.7920 33
    0.2000    1.9262   20.4242 0.7867 33
    0.2000    1.8364   20.3658 0.7814 33
    0.2000    1.6947   20.2733 0.7733 33
    0.2000    1.6043   20.2146 0.7682 33
    0.2000    1.5087   20.1555 0.7624 33
    0.2000    1.4165   20.1009 0.7567 33
    0.2000    1.3115   20.0388 0.7503 33
    0.2000    1.2177   19.9835 0.7447 33
    0.2000    1.1203   19.9293 0.7384 33
    0.2000    0.9609   19.8440 0.7280 33
    0.2000    0.8630   19.7920 0.7218 33
    0.2000    0.7607   19.7401 0.7150 33
    0.2000    0.6290   19.6758 0.7063 33
    0.2000    0.5251   19.6255 0.6995 33
    0.2000    0.4227   19.5783 0.6929 33
    0.2000    0.3001   19.5250 0.6850 33
    0.2000    0.1953   19.4800 0.6784 33
    0.2000    0.0877   19.4358 0.6719 33
    0.2000   -0.0463   19.3887 0.6641 33
    0.2000   -0.1494   19.3529 0.6584 33
    0.2000   -0.2548   19.3168 0.6526 33
    0.2000   -0.4379   19.2701 0.6438 33
    0.2000   -0.5479   19.2449 0.6388 33
    0.2000   -0.6607   19.2197 0.6338 33
    0.2000   -0.7760   19.1944 0.6287 33
    0.2000   -0.9144   19.1775 0.6239 33
    0.2000   -1.0221   19.1658 0.6203 33
    0.2000   -1.1327   19.1542 0.6166 33
    0.2000   -1.2453   19.1427 0.6130 33
    0.2000   -1.3604   19.1314 0.6093 33
    0.2000   -1.5411   19.1126 0.6045 33
    0.2000   -1.6700   19.0981 0.6018 20
    0.2000   -1.8020   19.0838 0.5991 20
    0.2000   -1.9369   19.0698 0.5964 20
    0.2000   -2.0741   19.0561 0.5937 20
    0.2000   -2.2699   19.0377 0.5887 20
    0.2000   -2.2628   19.0384 0.5888  2
