    0.2000 -137.9033  -10.9383 0.9839137
    0.2000 -137.7994  -10.9755 0.9822137
    0.2000 -137.6811  -10.9996 0.9789137
    0.2000 -137.5791  -11.0423 0.9765137
    0.2000 -137.4887  -11.0910 0.9757137
    0.2000 -137.3814  -11.1302 0.9722137
    0.2000 -137.2881  -11.1963 0.9681137
    0.2000 -137.1905  -11.2591 0.9623137
    0.2000 -137.1191  -11.3400 0.9581137
    0.2000 -137.0313  -11.4810 0.9487137
    0.2000 -137.0212  -11.5829 0.9423 77
    0.2000 -137.0133  -11.6973 0.9327 77
    0.2000 -137.0277  -11.8049 0.9273 77
    0.2000 -137.0512  -11.9101 0.9218 77
    0.2000 -137.0832  -12.0181 0.9153 77
    0.2000 -137.1386  -12.1680 0.9084 77
    0.2000 -137.1836  -12.2692 0.9022 32
    0.2000 -137.2431  -12.3700 0.8950 32
    0.2000 -137.3158  -12.4780 0.8871 32
    0.2000 -137.3805  -12.5628 0.8795 29
    0.2000 -137.4773  -12.6742 0.8666 29
    0.2000 -137.6172  -12.8189 0.8455 28
    0.2000 -137.7323  -12.9201 0.8251 24
    0.2000 -137.8355  -12.9857 0.8047 24
    0.2000 -137.9354  -13.0255 0.7843 23
    0.2000 -138.0350  -13.0536 0.7637 23
    0.2000 -138.1343  -13.0812 0.7431 31
    0.2000 -138.2346  -13.1135 0.7221 33
    0.2000 -138.3385  -13.1529 0.7009 33
    0.2000 -138.4491  -13.2028 0.6793 33
    0.2000 -138.5716  -13.2694 0.6572 33
    0.2000 -138.7170  -13.3630 0.6345 33
    0.2000 -138.8669  -13.4653 0.6164 33
    0.2000 -139.0175  -13.5621 0.5888 44
