    0.2000 -128.7865  -25.0757 0.9840 84
    0.2000 -128.6649  -25.1005 0.9823 84
    0.2000 -128.5293  -25.1252 0.9813 84
    0.2000 -128.3970  -25.1498 0.9803 84
    0.2000 -128.2468  -25.1792 0.9789 84
    0.2000 -128.0964  -25.2143 0.9774 84
    0.2000 -127.9701  -25.2420 0.9762 84
    0.2000 -127.8541  -25.2640 0.9741 84
    0.2000 -127.7367  -25.2978 0.9727 84
    0.2000 -127.5048  -25.3534 0.9708 84
    0.2000 -127.3798  -25.3821 0.9683 70
    0.2000 -127.2418  -25.4219 0.9639 70
    0.2000 -127.1086  -25.4726 0.9604 70
    0.2000 -126.9948  -25.5332 0.9566 70
    0.2000 -126.9128  -25.6040 0.9521 70
    0.2000 -126.8870  -25.7103 0.9433 70
    0.2000 -126.9481  -25.8225 0.9329 70
    0.2000 -127.0266  -25.8988 0.9269 41
    0.2000 -127.1137  -25.9619 0.9217 41
    0.2000 -127.2074  -26.0184 0.9173 41
    0.2000 -127.3084  -26.0750 0.9122 41
    0.2000 -127.4366  -26.1321 0.9066 41
    0.2000 -127.5474  -26.1712 0.9009 30
    0.2000 -127.6629  -26.1980 0.8939 30
    0.2000 -127.8102  -26.2178 0.8856 30
    0.2000 -127.9259  -26.2208 0.8780 28
    0.2000 -128.1250  -26.2027 0.8643 28
    0.2000 -128.2428  -26.1816 0.8555 23
    0.2000 -128.4009  -26.1431 0.8428 23
    0.2000 -128.5091  -26.1123 0.8333 23
    0.2000 -128.6346  -26.0726 0.8211 23
    0.2000 -128.8260  -26.0063 0.7997 22
    0.2000 -128.9833  -25.9483 0.7781 25
    0.2000 -129.1153  -25.8985 0.7565 32
    0.2000 -129.2313  -25.8546 0.7348 33
    0.2000 -129.3394  -25.8139 0.7130 33
    0.2000 -129.4460  -25.7717 0.6910 33
    0.2000 -129.5557  -25.7209 0.6688 33
    0.2000 -129.6731  -25.6547 0.6464 33
    0.2000 -129.8092  -25.5662 0.6236 33
    0.2000 -129.9524  -25.4690 0.6058 33
    0.2000 -130.0397  -25.4098 0.5888 26
