    0.2000 -104.1571   36.9290 0.9779172
    0.2000 -104.2623   36.8710 0.9725172
    0.2000 -104.3716   36.8177 0.9674172
    0.2000 -104.4931   36.7678 0.9649172
    0.2000 -104.6107   36.7180 0.9625172
    0.2000 -104.7259   36.6673 0.9589172
    0.2000 -104.8410   36.6257 0.9577172
    0.2000 -104.9747   36.5723 0.9544172
    0.2000 -105.1028   36.5224 0.9505172
    0.2000 -105.2392   36.4713 0.9485172
    0.2000 -105.3610   36.4274 0.9443172
    0.2000 -105.4816   36.3847 0.9403172
    0.2000 -105.6107   36.3373 0.9376172
    0.2000 -105.7585   36.2830 0.9346172
    0.2000 -105.9086   36.2298 0.9305172
    0.2000 -106.0378   36.1834 0.9282172
    0.2000 -106.1680   36.1398 0.9240172
    0.2000 -106.3082   36.0911 0.9210172
    0.2000 -106.4448   36.0439 0.9182 51
    0.2000 -106.5763   35.9986 0.9157 51
    0.2000 -106.7050   35.9544 0.9131 51
    0.2000 -106.8322   35.9100 0.9104 51
    0.2000 -106.9486   35.8703 0.9081 51
    0.2000 -107.0844   35.8247 0.9055 51
    0.2000 -107.2021   35.7851 0.9028 51
    0.2000 -107.3219   35.7463 0.9005 51
    0.2000 -107.4621   35.7007 0.8980 51
    0.2000 -107.6294   35.6492 0.8929 51
    0.2000 -107.8224   35.5894 0.8882 51
    0.2000 -107.9561   35.5495 0.8848 33
    0.2000 -108.0754   35.5144 0.8810 33
    0.2000 -108.2143   35.4734 0.8770 33
    0.2000 -108.3410   35.4361 0.8722 33
    0.2000 -108.4819   35.3947 0.8671 33
    0.2000 -108.6431   35.3472 0.8608 33
    0.2000 -108.7633   35.3109 0.8553 32
    0.2000 -108.8837   35.2727 0.8487 32
    0.2000 -109.0946   35.1970 0.8358 32
    0.2000 -109.2018   35.1440 0.8269 30
    0.2000 -109.3424   35.0492 0.8126 30
    0.2000 -109.4245   34.9623 0.8016 24
    0.2000 -109.4952   34.8665 0.7907 24
    0.2000 -109.5497   34.7753 0.7813 23
    0.2000 -109.6185   34.6526 0.7694 23
    0.2000 -109.6729   34.5538 0.7603 20
    0.2000 -109.7492   34.4272 0.7487 20
    0.2000 -109.8137   34.3287 0.7397 30
    0.2000 -109.9074   34.2047 0.7282 30
    0.2000 -109.9819   34.1159 0.7200 33
    0.2000 -110.1033   33.9892 0.7080 33
    0.2000 -110.1875   33.9099 0.7004 33
    0.2000 -110.3394   33.7802 0.6879 33
    0.2000 -110.4298   33.7098 0.6810 33
    0.2000 -110.6148   33.5769 0.6678 33
    0.2000 -110.7100   33.5148 0.6615 33
    0.2000 -110.8093   33.4530 0.6551 33
    0.2000 -110.9342   33.3797 0.6475 33
    0.2000 -111.0351   33.3251 0.6417 33
    0.2000 -111.1414   33.2706 0.6359 33
    0.2000 -111.3166   33.1862 0.6267 33
    0.2000 -111.4290   33.1330 0.6215 25
    0.2000 -111.5441   33.0784 0.6168 25
    0.2000 -111.7300   32.9898 0.6099 25
    0.2000 -111.8463   32.9349 0.6051 36
    0.2000 -112.0034   32.8625 0.5888 36
