    0.2000  -28.7286  -20.5761 0.9776156
    0.2000  -28.6192  -20.5913 0.9704156
    0.2000  -28.5112  -20.5720 0.9643156
    0.2000  -28.4062  -20.5427 0.9606156
    0.2000  -28.2857  -20.5165 0.9531156
    0.2000  -28.1827  -20.4781 0.9500156
    0.2000  -28.0735  -20.4440 0.9427156
    0.2000  -27.9663  -20.4040 0.9371156
    0.2000  -27.8659  -20.3581 0.9337156
    0.2000  -27.7642  -20.3151 0.9298156
    0.2000  -27.6647  -20.2760 0.9248156
    0.2000  -27.5667  -20.2322 0.9215156
    0.2000  -27.4582  -20.1834 0.9173156
    0.2000  -27.3612  -20.1364 0.9142156
    0.2000  -27.2223  -20.0639 0.9100156
    0.2000  -27.1124  -19.9998 0.9077 40
    0.2000  -27.0026  -19.9384 0.9036 40
    0.2000  -26.9070  -19.8775 0.9006 40
    0.2000  -26.7979  -19.8020 0.8975 40
    0.2000  -26.6866  -19.7224 0.8935 40
    0.2000  -26.5786  -19.6425 0.8899 40
    0.2000  -26.4714  -19.5604 0.8862 40
    0.2000  -26.3743  -19.4837 0.8825 40
    0.2000  -26.2839  -19.4098 0.8794 40
    0.2000  -26.1943  -19.3346 0.8757 33
    0.2000  -26.1038  -19.2576 0.8718 33
    0.2000  -26.0177  -19.1839 0.8682 33
    0.2000  -25.9370  -19.1147 0.8649 33
    0.2000  -25.8567  -19.0458 0.8615 33
    0.2000  -25.7605  -18.9635 0.8577 33
    0.2000  -25.6264  -18.8494 0.8515 33
    0.2000  -25.5383  -18.7755 0.8479 33
    0.2000  -25.4487  -18.7013 0.8440 33
    0.2000  -25.3597  -18.6291 0.8401 33
    0.2000  -25.2727  -18.5604 0.8362 33
    0.2000  -25.1893  -18.4967 0.8327 33
    0.2000  -25.0719  -18.4102 0.8272 33
    0.2000  -24.9731  -18.3398 0.8229 33
    0.2000  -24.8760  -18.2729 0.8186 33
    0.2000  -24.7783  -18.2083 0.8142 33
    0.2000  -24.6821  -18.1481 0.8100 33
    0.2000  -24.5544  -18.0728 0.8042 33
    0.2000  -24.4583  -18.0186 0.8000 33
    0.2000  -24.3619  -17.9664 0.7957 33
    0.2000  -24.2652  -17.9164 0.7914 33
    0.2000  -24.1686  -17.8690 0.7872 33
    0.2000  -24.0391  -17.8093 0.7815 33
    0.2000  -23.9412  -17.7661 0.7773 33
    0.2000  -23.8408  -17.7235 0.7730 33
    0.2000  -23.7410  -17.6830 0.7688 33
    0.2000  -23.6401  -17.6437 0.7645 33
    0.2000  -23.5033  -17.5931 0.7589 33
    0.2000  -23.3985  -17.5557 0.7546 33
    0.2000  -23.2926  -17.5189 0.7503 33
    0.2000  -23.1835  -17.4820 0.7459 33
    0.2000  -23.0752  -17.4465 0.7417 33
    0.2000  -22.9248  -17.3987 0.7359 33
    0.2000  -22.8113  -17.3636 0.7316 33
    0.2000  -22.6953  -17.3284 0.7272 33
    0.2000  -22.5772  -17.2932 0.7229 33
    0.2000  -22.4769  -17.2637 0.7193 33
    0.2000  -22.2923  -17.2106 0.7126 33
    0.2000  -22.1871  -17.1811 0.7089 33
    0.2000  -22.0811  -17.1520 0.7052 33
    0.2000  -21.9734  -17.1229 0.7015 33
    0.2000  -21.8634  -17.0934 0.6977 33
    0.2000  -21.7523  -17.0641 0.6939 33
    0.2000  -21.5929  -17.0229 0.6884 33
    0.2000  -21.4842  -16.9952 0.6848 33
    0.2000  -21.3721  -16.9668 0.6812 33
    0.2000  -21.2561  -16.9375 0.6775 33
    0.2000  -21.1369  -16.9074 0.6737 33
    0.2000  -20.9711  -16.8658 0.6686 33
    0.2000  -20.8666  -16.8397 0.6653116
    0.2000  -20.7638  -16.8142 0.6620116
    0.2000  -20.6464  -16.7852 0.6582116
    0.2000  -20.5366  -16.7585 0.6545116
    0.2000  -20.4281  -16.7320 0.6507116
    0.2000  -20.3264  -16.7071 0.6470116
    0.2000  -20.2249  -16.6821 0.6432116
    0.2000  -20.1144  -16.6541 0.6389116
    0.2000  -20.0085  -16.6262 0.6345116
    0.2000  -19.8972  -16.5952 0.6297116
    0.2000  -19.7918  -16.5639 0.6248116
    0.2000  -19.6824  -16.5295 0.6194116
    0.2000  -19.5713  -16.4921 0.6134116
    0.2000  -19.4700  -16.4544 0.6074116
    0.2000  -19.2987  -16.3790 0.5888116
