    0.2000    3.9066  -33.0688 0.9829174
    0.2000    3.8111  -33.1296 0.9804174
    0.2000    3.7155  -33.2193 0.9780174
    0.2000    3.6819  -33.3221 0.9761174
    0.2000    3.6166  -33.4428 0.9742174
    0.2000    3.5845  -33.5462 0.9722174
    0.2000    3.5654  -33.6545 0.9705174
    0.2000    3.5527  -33.7655 0.9679174
    0.2000    3.5295  -33.8735 0.9637174
    0.2000    3.5215  -33.9876 0.9612174
    0.2000    3.5155  -34.0881 0.9589174
    0.2000    3.5158  -34.1896 0.9562174
    0.2000    3.5264  -34.2902 0.9539174
    0.2000    3.5601  -34.4951 0.9470174
    0.2000    3.5913  -34.6034 0.9431 68
    0.2000    3.6420  -34.7193 0.9394 68
    0.2000    3.6843  -34.8306 0.9346 68
    0.2000    3.7392  -34.9263 0.9316 68
    0.2000    3.7997  -35.0389 0.9270 68
    0.2000    3.8608  -35.1302 0.9240 68
    0.2000    3.9361  -35.2231 0.9200 68
    0.2000    4.0288  -35.3358 0.9151 68
    0.2000    4.1265  -35.4340 0.9107 68
    0.2000    4.2278  -35.5255 0.9062 68
    0.2000    4.4225  -35.6429 0.8986 68
    0.2000    4.5485  -35.6971 0.8930 36
    0.2000    4.6700  -35.7394 0.8878 36
    0.2000    4.7891  -35.7694 0.8830 36
    0.2000    4.9101  -35.7890 0.8784 36
    0.2000    5.0554  -35.8018 0.8721 36
    0.2000    5.1964  -35.8078 0.8664 36
    0.2000    5.3203  -35.8086 0.8615 33
    0.2000    5.4464  -35.8038 0.8568 33
    0.2000    5.5736  -35.7947 0.8516 33
    0.2000    5.6999  -35.7829 0.8470 33
    0.2000    5.8280  -35.7691 0.8424 33
    0.2000    6.0112  -35.7460 0.8362 33
    0.2000    6.1429  -35.7268 0.8318 33
    0.2000    6.2781  -35.7053 0.8274 33
    0.2000    6.4140  -35.6830 0.8231 33
    0.2000    6.5504  -35.6595 0.8191 33
    0.2000    6.6903  -35.6345 0.8148 33
    0.2000    6.8869  -35.5971 0.8091 33
    0.2000    7.0291  -35.5688 0.8051 33
    0.2000    7.1723  -35.5399 0.8012 33
    0.2000    7.3162  -35.5103 0.7974 33
    0.2000    7.4612  -35.4798 0.7936 33
    0.2000    7.6079  -35.4481 0.7899 33
    0.2000    7.8134  -35.4024 0.7847 33
    0.2000    7.9318  -35.3756 0.7818 33
    0.2000    8.0506  -35.3486 0.7790 33
    0.2000    8.1704  -35.3211 0.7761 33
    0.2000    8.2894  -35.2935 0.7733 33
    0.2000    8.4093  -35.2654 0.7706 33
    0.2000    8.5294  -35.2369 0.7678 33
    0.2000    8.6483  -35.2082 0.7651 33
    0.2000    8.7686  -35.1787 0.7624 33
    0.2000    8.8881  -35.1492 0.7598 33
    0.2000    9.0085  -35.1191 0.7572 33
    0.2000    9.1297  -35.0885 0.7545 33
    0.2000    9.2495  -35.0579 0.7519 33
    0.2000    9.3693  -35.0270 0.7494 33
    0.2000    9.4891  -34.9956 0.7468 33
    0.2000    9.6088  -34.9637 0.7443 33
    0.2000    9.7269  -34.9318 0.7417 33
    0.2000    9.8462  -34.8990 0.7392 33
    0.2000    9.9648  -34.8660 0.7367 33
    0.2000   10.0830  -34.8327 0.7342 33
    0.2000   10.2020  -34.7988 0.7317 33
    0.2000   10.3206  -34.7645 0.7292 33
    0.2000   10.4377  -34.7302 0.7268 33
    0.2000   10.5546  -34.6954 0.7243 33
    0.2000   10.6712  -34.6603 0.7218 33
    0.2000   10.7874  -34.6248 0.7193 33
    0.2000   10.9030  -34.5890 0.7169 33
    0.2000   11.0181  -34.5530 0.7144 33
    0.2000   11.1337  -34.5164 0.7119 33
    0.2000   11.2478  -34.4800 0.7094 33
    0.2000   11.3629  -34.4429 0.7069 33
    0.2000   11.5894  -34.3690 0.7019 33
    0.2000   11.7036  -34.3314 0.6993 33
    0.2000   11.8422  -34.2855 0.6962 33
    0.2000   11.9818  -34.2390 0.6930 33
    0.2000   12.1219  -34.1923 0.6898 33
    0.2000   12.2608  -34.1460 0.6865 33
    0.2000   12.4829  -34.0718 0.6813 33
    0.2000   12.6129  -34.0284 0.6782 28
    0.2000   12.7429  -33.9849 0.6751 28
    0.2000   12.8764  -33.9402 0.6719 28
    0.2000   12.9890  -33.9026 0.6692 28
    0.2000   13.1963  -33.8334 0.6643 28
    0.2000   13.3304  -33.7881 0.6611115
    0.2000   13.4617  -33.7428 0.6577115
    0.2000   13.5826  -33.7003 0.6545115
    0.2000   13.7116  -33.6541 0.6509115
    0.2000   13.8373  -33.6080 0.6472115
    0.2000   13.9592  -33.5624 0.6433115
    0.2000   14.0782  -33.5168 0.6393115
    0.2000   14.1936  -33.4714 0.6351115
    0.2000   14.3051  -33.4265 0.6308115
    0.2000   14.4233  -33.3777 0.6257115
    0.2000   14.5398  -33.3279 0.6200115
    0.2000   14.6480  -33.2797 0.6139115
    0.2000   14.7571  -33.2291 0.6063115
    0.2000   14.8689  -33.1746 0.5888115
